num_training_step_calls_per_iteration,num_env_steps_sampled_lifetime,done,training_iteration,trial_id,date,timestamp,time_this_iter_s,time_total_s,pid,hostname,node_ip,time_since_restore,iterations_since_restore,timers/training_iteration,timers/restore_env_runners,timers/training_step,timers/env_runner_sampling_timer,timers/learner_update_timer,timers/synch_weights,env_runners/time_between_sampling,env_runners/env_to_module_sum_episodes_length_in,env_runners/env_reset_timer,env_runners/episode_return_mean,env_runners/episode_return_min,env_runners/env_to_module_sum_episodes_length_out,env_runners/episode_len_max,env_runners/sample,env_runners/rlmodule_inference_timer,env_runners/episode_len_mean,env_runners/num_env_steps_sampled,env_runners/weights_seq_no,env_runners/episode_return_max,env_runners/num_episodes,env_runners/env_step_timer,env_runners/episode_duration_sec_mean,env_runners/num_episodes_lifetime,env_runners/num_env_steps_sampled_lifetime,env_runners/episode_len_min,env_runners/num_env_steps_sampled_lifetime_throughput,__all_modules__/learner_connector_sum_episodes_length_in,__all_modules__/learner_connector_sum_episodes_length_out,learners/IntrinsicAttentionMask,evaluation/num_healthy_workers,evaluation/actor_manager_num_outstanding_async_reqs,evaluation/num_remote_worker_restarts,fault_tolerance/num_healthy_workers,fault_tolerance/num_remote_worker_restarts,env_runner_group/actor_manager_num_outstanding_async_reqs,perf/cpu_util_percent,perf/ram_util_percent,env_runners/module_to_env_connector/connector_pipeline_timer,env_runners/env_to_module_connector/connector_pipeline_timer,env_runners/num_agent_steps_sampled_lifetime/default_agent,env_runners/module_episode_returns_mean/default_policy,env_runners/agent_episode_returns_mean/default_agent,env_runners/num_agent_steps_sampled/default_agent,env_runners/num_module_steps_sampled/default_policy,env_runners/num_module_steps_sampled_lifetime/default_policy,__all_modules__/learner_connector/connector_pipeline_timer,learners/intrinsic_reward_module/gradients_default_optimizer_global_norm,learners/intrinsic_reward_module/num_module_steps_trained,learners/intrinsic_reward_module/total_loss,learners/intrinsic_reward_module/num_trainable_parameters,learners/intrinsic_reward_module/default_optimizer_learning_rate,learners/intrinsic_reward_module/curr_entropy_coeff,learners/intrinsic_reward_module/weights_seq_no,learners/intrinsic_reward_module/diff_num_grad_updates_vs_sampler_policy,learners/intrinsic_reward_module/num_module_steps_trained_lifetime,learners/intrinsic_reward_module/module_train_batch_size_mean,learners/intrinsic_reward_module/num_module_steps_trained_lifetime_throughput,learners/__all_modules__/num_module_steps_trained_lifetime,learners/__all_modules__/num_module_steps_trained,learners/__all_modules__/num_non_trainable_parameters,learners/__all_modules__/num_env_steps_trained,learners/__all_modules__/num_env_steps_trained_lifetime,learners/__all_modules__/num_trainable_parameters,learners/__all_modules__/num_env_steps_trained_lifetime_throughput,learners/__all_modules__/num_module_steps_trained_throughput,learners/__all_modules__/num_module_steps_trained_lifetime_throughput,learners/default_policy/vf_loss_unclipped,learners/default_policy/mean_kl_loss,learners/default_policy/curr_kl_coeff,learners/default_policy/curr_entropy_coeff,learners/default_policy/use_intrinsic_rewards,learners/default_policy/entropy,learners/default_policy/policy_loss,learners/default_policy/diff_num_grad_updates_vs_sampler_policy,learners/default_policy/total_loss,learners/default_policy/num_trainable_parameters,learners/default_policy/vf_explained_var,learners/default_policy/weights_seq_no,learners/default_policy/vf_loss,learners/default_policy/num_module_steps_trained_lifetime,learners/default_policy/module_train_batch_size_mean,learners/default_policy/num_module_steps_trained,learners/default_policy/num_module_steps_trained_lifetime_throughput,evaluation/env_runners/episode_len_max,evaluation/env_runners/rlmodule_inference_timer,evaluation/env_runners/weights_seq_no,evaluation/env_runners/episode_return_max,evaluation/env_runners/num_episodes,evaluation/env_runners/num_episodes_lifetime,evaluation/env_runners/env_reset_timer,evaluation/env_runners/env_to_module_sum_episodes_length_out,evaluation/env_runners/episode_return_mean,evaluation/env_runners/sample,evaluation/env_runners/episode_len_mean,evaluation/env_runners/env_step_timer,evaluation/env_runners/episode_duration_sec_mean,evaluation/env_runners/num_env_steps_sampled_lifetime,evaluation/env_runners/num_env_steps_sampled,evaluation/env_runners/episode_len_min,evaluation/env_runners/env_to_module_sum_episodes_length_in,evaluation/env_runners/episode_return_min,evaluation/env_runners/module_to_env_connector/connector_pipeline_timer,evaluation/env_runners/num_agent_steps_sampled_lifetime/default_agent,evaluation/env_runners/num_module_steps_sampled_lifetime/default_policy,evaluation/env_runners/env_to_module_connector/connector_pipeline_timer,evaluation/env_runners/agent_episode_returns_mean/default_agent,evaluation/env_runners/num_agent_steps_sampled/default_agent,evaluation/env_runners/num_module_steps_sampled/default_policy,evaluation/env_runners/module_episode_returns_mean/default_policy,env_runners/module_to_env_connector/timers/connectors/listify_data_for_vector_env,env_runners/module_to_env_connector/timers/connectors/normalize_and_clip_actions,env_runners/module_to_env_connector/timers/connectors/get_actions,env_runners/module_to_env_connector/timers/connectors/tensor_to_numpy,env_runners/module_to_env_connector/timers/connectors/un_batch_to_individual_items,env_runners/module_to_env_connector/timers/connectors/remove_single_ts_time_rank_from_batch,env_runners/env_to_module_connector/timers/connectors/add_observations_from_episodes_to_batch,env_runners/env_to_module_connector/timers/connectors/numpy_to_tensor,env_runners/env_to_module_connector/timers/connectors/batch_individual_items,env_runners/env_to_module_connector/timers/connectors/add_states_from_episodes_to_batch,env_runners/env_to_module_connector/timers/connectors/add_time_dim_to_batch_and_zero_pad,__all_modules__/learner_connector/timers/connectors/add_one_ts_to_episodes_and_truncate,__all_modules__/learner_connector/timers/connectors/add_observations_from_episodes_to_batch,__all_modules__/learner_connector/timers/connectors/add_columns_from_episodes_to_train_batch,__all_modules__/learner_connector/timers/connectors/add_time_dim_to_batch_and_zero_pad,__all_modules__/learner_connector/timers/connectors/add_states_from_episodes_to_batch,__all_modules__/learner_connector/timers/connectors/batch_individual_items,__all_modules__/learner_connector/timers/connectors/numpy_to_tensor,learners/differentiable_learners/intrinsic_attention_ppo_learner/intrinsic_reward_module/diff_num_grad_updates_vs_sampler_policy,learners/differentiable_learners/intrinsic_attention_ppo_learner/intrinsic_reward_module/total_loss,learners/differentiable_learners/intrinsic_attention_ppo_learner/intrinsic_reward_module/num_module_steps_trained_lifetime,learners/differentiable_learners/intrinsic_attention_ppo_learner/intrinsic_reward_module/num_module_steps_trained,learners/differentiable_learners/intrinsic_attention_ppo_learner/intrinsic_reward_module/module_train_batch_size_mean,learners/differentiable_learners/intrinsic_attention_ppo_learner/intrinsic_reward_module/weights_seq_no,learners/differentiable_learners/intrinsic_attention_ppo_learner/default_policy/num_module_steps_trained_lifetime,learners/differentiable_learners/intrinsic_attention_ppo_learner/default_policy/num_module_steps_trained,learners/differentiable_learners/intrinsic_attention_ppo_learner/default_policy/module_train_batch_size_mean,learners/differentiable_learners/intrinsic_attention_ppo_learner/default_policy/vf_loss_unclipped,learners/differentiable_learners/intrinsic_attention_ppo_learner/default_policy/mean_kl_loss,learners/differentiable_learners/intrinsic_attention_ppo_learner/default_policy/use_intrinsic_rewards,learners/differentiable_learners/intrinsic_attention_ppo_learner/default_policy/entropy,learners/differentiable_learners/intrinsic_attention_ppo_learner/default_policy/policy_loss,learners/differentiable_learners/intrinsic_attention_ppo_learner/default_policy/diff_num_grad_updates_vs_sampler_policy,learners/differentiable_learners/intrinsic_attention_ppo_learner/default_policy/total_loss,learners/differentiable_learners/intrinsic_attention_ppo_learner/default_policy/vf_explained_var,learners/differentiable_learners/intrinsic_attention_ppo_learner/default_policy/weights_seq_no,learners/differentiable_learners/intrinsic_attention_ppo_learner/default_policy/vf_loss,learners/differentiable_learners/intrinsic_attention_ppo_learner/__all_modules__/num_module_steps_trained_lifetime,learners/differentiable_learners/intrinsic_attention_ppo_learner/__all_modules__/num_env_steps_trained,learners/differentiable_learners/intrinsic_attention_ppo_learner/__all_modules__/num_env_steps_trained_lifetime,learners/differentiable_learners/intrinsic_attention_ppo_learner/__all_modules__/num_module_steps_trained,learners/differentiable_learners/intrinsic_attention_ppo_learner/__all_modules__/num_env_steps_trained_lifetime_throughput,evaluation/env_runners/module_to_env_connector/timers/connectors/remove_single_ts_time_rank_from_batch,evaluation/env_runners/module_to_env_connector/timers/connectors/listify_data_for_vector_env,evaluation/env_runners/module_to_env_connector/timers/connectors/normalize_and_clip_actions,evaluation/env_runners/module_to_env_connector/timers/connectors/get_actions,evaluation/env_runners/module_to_env_connector/timers/connectors/tensor_to_numpy,evaluation/env_runners/module_to_env_connector/timers/connectors/un_batch_to_individual_items,evaluation/env_runners/env_to_module_connector/timers/connectors/numpy_to_tensor,evaluation/env_runners/env_to_module_connector/timers/connectors/batch_individual_items,evaluation/env_runners/env_to_module_connector/timers/connectors/add_observations_from_episodes_to_batch,evaluation/env_runners/env_to_module_connector/timers/connectors/add_states_from_episodes_to_batch,evaluation/env_runners/env_to_module_connector/timers/connectors/add_time_dim_to_batch_and_zero_pad
1,627500.0,False,1,ba99d_00000,2025-08-11_17-56-40,1754927800,11.112492084503174,11.112492084503174,9655,Mac,127.0.0.1,11.112492084503174,1,10.973543457919732,2.2999942302703857e-05,10.973256791010499,1.7371586250374094,9.02695633401163,0.0016742079751566052,0.0006937089179692247,10.191744832559449,9.744374067515929e-05,2.899999999999998,-9.5,10.191744832559449,20,0.007054639586724027,3.952261040247441e-05,20.0,5000.0,0.0,10.5,250.0,1.5855536540543883e-05,0.005644279669970275,31375.0,627500.0,20,2922.7381542627672,5000,5250,"[array([[0.3345363 , 0.33192167, 0.33354196],
       [0.3356791 , 0.330584  , 0.33373693],
       [0.33496982, 0.33141392, 0.33361632]], dtype=float32), array([[0.33269265, 0.3331639 , 0.33414346],
       [0.33275375, 0.3331801 , 0.33406615],
       [0.33288053, 0.33321372, 0.33390582]], dtype=float32), array([[0.3320254 , 0.33438042, 0.33359417],
       [0.33255604, 0.33395535, 0.3334886 ],
       [0.33237928, 0.33409694, 0.33352384]], dtype=float32), array([[0.33337152, 0.3327036 , 0.33392483],
       [0.33337754, 0.3326037 , 0.33401874],
       [0.33336657, 0.3327862 , 0.3338472 ]], dtype=float32), array([[0.3322586 , 0.33514643, 0.3325949 ],
       [0.33261508, 0.33454484, 0.33284009],
       [0.3323003 , 0.3350761 , 0.3326236 ]], dtype=float32), array([[0.33105654, 0.33803102, 0.33091247],
       [0.33551177, 0.32883567, 0.3356526 ],
       [0.3309628 , 0.3382243 , 0.33081287]], dtype=float32)]",1,0,0,0,0,0,40.55625,83.36250000000001,0.00014164943735478947,6.626540545413358e-05,627500.0,2.899999999999998,2.899999999999998,5000.0,5000.0,627500.0,0.17062320897821337,0.0,5994,0.0,8266,0.0002715581955,0.0015431216992,1.0,1.0,5994,999.0,661.0663005287678,11988,11988,0,31500,31500,24861,3474.1305521357453,27810856.119572822,11450301.219159342,38.62153625488281,1.2737359611492138e-05,0.08079196512699127,0.0015431216992,0.0,0.6833864450454712,-2.846281677193474e-05,1.0,0.20348350703716278,16595,0.0033971071243286133,1.0,0.26258161664009094,5994,999.0,5994,661.0572703118338,20,3.91671840475813e-05,1.0,13.5,20,20,0.0005516250384971499,10.216013141322508,0.65,0.12407474999781698,20.0,1.5671879215818544e-05,0.005631835403619334,5400,400,20,10.216013141322508,-13.5,0.0001327918193544197,400,400,6.64280984209207e-05,0.65,400,400,0.65,1.1310222342351994e-05,1.1071369423476835e-05,5.409824318968667e-05,1.6830953909412025e-05,7.096080180521682e-06,1.2570094695655627e-05,3.110626734663637e-06,1.3930773529317985e-05,1.351392139065482e-05,2.9560043072185343e-06,7.72690371588054e-06,0.009024792001582682,0.0008287499658763409,0.04167229193262756,0.10276079189497977,0.003430791082791984,0.012688165996223688,7.208401802927256e-05,6.0,0.0,35964,35964,999.0,6.0,35964,35964,999.0,38.65363311767578,1.2903777133033145e-05,1.0,0.6833815574645996,-2.6566498490865342e-05,6.0,0.20369838,0.00334322452545166,6.0,0.2628549337387085,71928,189000,189000,71928,46785.16245108773,1.2965016654448257e-05,1.0880722446415622e-05,9.120138759757601e-06,4.8317775538065284e-05,1.7732472691793096e-05,6.818529809113142e-06,1.3068867464857505e-05,1.2948440693848484e-05,3.5564176328400004e-06,3.0709968513208625e-06,8.691968764247259e-06
1,10000.0,False,2,ba99d_00000,2025-08-11_17-56-52,1754927812,11.299048900604248,22.411540985107422,9655,Mac,127.0.0.1,22.411540985107422,2,10.975522322930628,2.2834523115307092e-05,10.975235965600003,1.7386212875368074,9.025523939841658,0.001669691305141896,0.035309127479887244,10.36823839457432,4.919848800738409e-05,2.5,-9.5,10.36823839457432,20,0.006291044473073278,4.060006398918112e-05,20.0,5000.0,1.0,10.5,250.0,2.045258054482438e-05,0.006469660521484911,500.0,10000.0,20,2982.938704516182,5000.0,5250.0,"[array([[0.334537  , 0.33281258, 0.33265045],
       [0.33529064, 0.33248624, 0.3322231 ],
       [0.33536175, 0.33245546, 0.33218277]], dtype=float32), array([[0.33309135, 0.33356318, 0.3333455 ],
       [0.33311442, 0.33354124, 0.33334434],
       [0.33310378, 0.33355135, 0.33334485]], dtype=float32), array([[0.33245674, 0.33351576, 0.33402753],
       [0.33261675, 0.3334825 , 0.33390072],
       [0.33269393, 0.33346647, 0.3338396 ]], dtype=float32), array([[0.33337167, 0.33380747, 0.33282083],
       [0.33336774, 0.33375844, 0.3328738 ],
       [0.33337668, 0.33386952, 0.3327538 ]], dtype=float32), array([[0.33226016, 0.3335565 , 0.33418334],
       [0.33242014, 0.33352333, 0.33405653],
       [0.3324973 , 0.33350733, 0.33399537]], dtype=float32), array([[0.3310565 , 0.33803102, 0.33091247],
       [0.33551177, 0.32883564, 0.3356526 ],
       [0.3309628 , 0.33822432, 0.33081287]], dtype=float32)]",1,0,0,0,0,0,41.98125,82.6625,0.00014394618628576822,6.932379791281046e-05,10000.0,2.5,2.5,5000.0,5000.0,10000.0,0.17243777938885615,0.0,5994,0.0,8266,0.0002715581955,0.0015431216992,2.0,1.0,11988,999.0,660.5023543933676,23976,11988,0,31500,63000,24861,3471.166110363403,27449008.043475997,11470831.169343011,38.56589126586914,1.0559287147771101e-05,0.040395982563495636,0.0015431216992,0.0,0.6827134490013123,7.21372907719342e-06,1.0,0.20363448560237885,16595,0.0016401410102844238,2.0,0.26272985339164734,11988,999.0,5994,660.493456029534,20,3.155822125785816e-05,2.0,13.5,20,40,0.000549378377618268,10.366003441359926,1.15,0.12399951374856755,20.0,1.3848797685942689e-05,0.005472588451812044,10400,400,20,10.366003441359926,-13.5,0.0001154372040426768,800,800,5.994791177270318e-05,1.15,400,400,1.15,1.208452758541352e-05,9.122286589205167e-06,5.058293014859761e-05,1.8146157498253052e-05,7.622180842944645e-06,1.3474653769981443e-05,3.231755648108847e-06,1.523548305549464e-05,1.4427435148686142e-05,3.0897870402104407e-06,8.020246404610797e-06,0.00904140408267267,0.0008292795461602509,0.041685572353890164,0.10281935272621921,0.003434374841162935,0.014409853086108343,7.22277583554387e-05,11.0,0.0,71928,35964,999.0,12.0,71928,35964,999.0,38.51559066772461,1.076165062841028e-05,1.0,0.6827067136764526,7.95380401541479e-06,11.0,0.20365344,0.00321882963180542,12.0,0.26275205612182617,143856,189000,378000,71928,46544.44797860226,1.1792520662608065e-05,1.0477879451065926e-05,7.842787808498886e-06,3.750779577303509e-05,1.530827020793661e-05,6.449235059663316e-06,1.2006137746449336e-05,1.2471087450051637e-05,2.868765325691763e-06,2.933262376471199e-06,7.298258943559232e-06
1,-607500.0,False,3,ba99d_00000,2025-08-11_17-57-04,1754927824,12.286176919937134,34.697717905044556,9655,Mac,127.0.0.1,34.697717905044556,3,10.987349160541767,2.267826807219535e-05,10.987063127613776,1.7423983267412988,9.033427986273576,0.001669426063192077,0.038208468265772046,10.36823839457432,6.201468677173023e-05,2.0200000000000005,-9.5,10.36823839457432,20,0.008213168226624898,5.4190958174214655e-05,20.0,5000.0,2.0,10.5,250.0,1.9177556781203824e-05,0.007298524149693549,-30375.0,-607500.0,20,2727.4131205993485,5000.0,5250.0,"[array([[0.3342388 , 0.3325159 , 0.3332453 ],
       [0.3348054 , 0.33200505, 0.33318952],
       [0.3345651 , 0.33222163, 0.33321324]], dtype=float32), array([[0.33269265, 0.3331639 , 0.33414346],
       [0.33275375, 0.3331801 , 0.33406615],
       [0.33288053, 0.3332137 , 0.33390582]], dtype=float32), array([[0.33298755, 0.33381113, 0.3332013 ],
       [0.33306885, 0.33369875, 0.33323237],
       [0.33300868, 0.33378196, 0.3332094 ]], dtype=float32), array([[0.33300403, 0.3334393 , 0.33355668],
       [0.33303803, 0.33342835, 0.33353359],
       [0.3330472 , 0.33342543, 0.3335274 ]], dtype=float32), array([[0.33211842, 0.33430588, 0.3335757 ],
       [0.3326491 , 0.3338808 , 0.33347005],
       [0.3324723 , 0.33402237, 0.33350527]], dtype=float32), array([[0.33440888, 0.3315714 , 0.33401975],
       [0.34204096, 0.31914142, 0.33881763],
       [0.33545575, 0.32985878, 0.33468542]], dtype=float32)]",1,0,0,0,0,0,48.96111111111111,82.86666666666666,0.0001601033583180065,7.686123948269147e-05,-607500.0,2.0200000000000005,2.0200000000000005,5000.0,5000.0,-607500.0,0.17244512117451524,0.0,5994,0.0,8266,0.0002715581955,0.0015431216992,3.0,1.0,17982,999.0,658.8513384282297,35964,11988,0,31500,94500,24861,3462.4884092066054,26876278.68639452,11465716.745845815,39.589576721191406,3.0427834644797258e-05,0.020197991281747818,0.0015431216992,0.0,0.6818417906761169,-0.0005545691237784922,1.0,0.2028658241033554,16595,-0.0014516115188598633,3.0,0.2624620795249939,17982,999.0,5994,658.842676864977,20,3.216843718908549e-05,3.0,14.5,20,60,0.0005471616746741346,10.368205581254823,0.9833333333333333,0.12392384986097457,20.0,1.377142643549045e-05,0.005413730506552384,15400,400,20,10.368205581254823,-13.5,0.00011520148781724798,1200,1200,5.9441852183233894e-05,0.9833333333333333,400,400,0.9833333333333333,1.3661305463332112e-05,1.0025230999166904e-05,5.920449458074441e-05,2.040706645838286e-05,8.456455710675513e-06,1.4293636070805275e-05,3.783102765810223e-06,1.730704370537285e-05,1.5769225072598563e-05,3.3322348474693743e-06,9.41080024433537e-06,0.009044045041443315,0.0008293971709674223,0.04169209955033147,0.10282910086830378,0.0034373219226836223,0.01439549955482362,7.225381126627325e-05,16.0,0.0,107892,35964,999.0,18.0,107892,35964,999.0,39.53850555419922,2.788124402286485e-05,1.0,0.6818914413452148,-0.0005316157476045191,16.0,0.20300871,0.002979755401611328,18.0,0.26261186599731445,215784,189000,567000,71928,46105.31676266549,1.1787773597634139e-05,1.0435067232202914e-05,7.833217094206613e-06,3.723437103318983e-05,1.5449327897524525e-05,6.525045911140037e-06,1.1996535638540045e-05,1.2377604008552064e-05,2.833108070078067e-06,2.9625940227584184e-06,7.177040315994811e-06
1,-1225000.0,False,4,ba99d_00000,2025-08-11_17-57-16,1754927836,11.48991322517395,46.187631130218506,9655,Mac,127.0.0.1,46.187631130218506,4,10.990901748106662,2.2522736225044354e-05,10.990615511337937,1.7407216326332209,9.038505270991704,0.0016708922225644345,0.0410336798758802,10.36823839457432,4.606952270978558e-05,2.8199999999999994,-9.5,10.36823839457432,20,0.006058224891374076,3.276631268614682e-05,20.0,5000.0,3.0,10.5,250.0,1.4099060062131402e-05,0.005395802324637771,-61250.0,-1225000.0,20,3169.3446279688933,5000.0,5250.0,"[array([[0.3327002 , 0.33316588, 0.3341339 ],
       [0.33276132, 0.3331821 , 0.3340566 ],
       [0.33288807, 0.33321568, 0.33389625]], dtype=float32), array([[0.33309135, 0.33356318, 0.3333455 ],
       [0.33311442, 0.33354124, 0.33334434],
       [0.33310378, 0.33355135, 0.33334485]], dtype=float32), array([[0.33285597, 0.33399308, 0.333151  ],
       [0.33293727, 0.33388063, 0.33318207],
       [0.33287707, 0.33396384, 0.33315906]], dtype=float32), array([[0.33337155, 0.3327036 , 0.33392483],
       [0.33337754, 0.3326037 , 0.33401874],
       [0.33336657, 0.3327862 , 0.3338472 ]], dtype=float32), array([[0.33226013, 0.3335565 , 0.3341833 ],
       [0.33242014, 0.33352333, 0.33405653],
       [0.3324973 , 0.33350733, 0.33399537]], dtype=float32), array([[0.33440888, 0.3315714 , 0.33401975],
       [0.34204096, 0.3191414 , 0.33881763],
       [0.33545578, 0.32985878, 0.33468544]], dtype=float32)]",1,0,0,0,0,0,44.506249999999994,82.875,0.00012095451047585322,6.0718747329130956e-05,-1225000.0,2.8199999999999994,2.8199999999999994,5000.0,5000.0,-1225000.0,0.1724576453832693,0.0,5994,0.0,8266,0.0002715581955,0.0015431216992,4.0,1.0,23976,999.0,656.557781198712,47952,11988,0,31500,126000,24861,3450.4336658497614,26241828.65252898,11483836.672250096,39.34904861450195,2.9570161132141948e-05,0.010098995640873909,0.0015431216992,0.0,0.6805604696273804,-0.00024753864272497594,1.0,0.2031889110803604,16595,-0.002236008644104004,4.0,0.2624809145927429,23976,999.0,5994,656.5494172220518,20,3.432395971749641e-05,4.0,14.5,20,80,0.0005454246474817627,10.368237912813044,0.65,0.12401485178243066,20.0,1.5913601438321734e-05,0.005572869753814302,20400,400,20,10.368237912813044,-13.5,0.00012474192983890823,1600,1600,6.409223878328374e-05,0.65,400,400,0.65,1.0677600009491136e-05,8.101639020841399e-06,4.0539933837766934e-05,1.558861262455634e-05,6.712433443558567e-06,1.1959143850363945e-05,2.828975434148861e-06,1.2690480665626732e-05,1.2552268355490657e-05,2.7746158974367866e-06,7.0530499310821665e-06,0.009042092920230817,0.0008302031998645979,0.04169458021515689,0.1028351290287416,0.003442492862537619,0.014395734559412699,7.226168383751064e-05,21.0,0.0,143856,35964,999.0,24.0,143856,35964,999.0,39.27104568481445,2.8502458008006215e-05,1.0,0.6805822849273682,-0.00024423489230684936,21.0,0.20330392,0.0029793977737426758,24.0,0.2626191973686218,287712,189000,756000,71928,45534.14656090596,1.2511560315189889e-05,1.122594222467459e-05,8.899988406177872e-06,4.145134844851126e-05,1.627743933811343e-05,6.8968796701926756e-06,1.3286161328435997e-05,1.317856375058355e-05,2.9988292142180808e-06,4.093330004758271e-06,7.572114552037573e-06
1,-1842500.0,False,5,ba99d_00000,2025-08-11_17-57-28,1754927848,12.429533958435059,58.617165088653564,9655,Mac,127.0.0.1,58.617165088653564,5,11.00387652604507,2.2379168390289414e-05,11.003586576634714,1.7403450358969663,9.051557210361738,0.0016714703807477955,0.040421828229574276,10.36823839457432,6.185888132130955e-05,2.740000000000001,-9.5,10.36823839457432,20,0.006044691853891024,3.528072370705337e-05,20.0,5000.0,4.0,10.5,250.0,1.5089826852875998e-05,0.005792696719057859,-92125.0,-1842500.0,20,3018.2984962656255,5000.0,5250.0,"[array([[0.3330942 , 0.33356047, 0.33334535],
       [0.33311728, 0.33353853, 0.3333442 ],
       [0.33310664, 0.33354864, 0.33334473]], dtype=float32), array([[0.33345205, 0.3329031 , 0.3336449 ],
       [0.3334749 , 0.33282   , 0.33370507],
       [0.33344397, 0.33293223, 0.33362377]], dtype=float32), array([[0.33331907, 0.3330664 , 0.3336145 ],
       [0.3333185 , 0.3330563 , 0.33362514],
       [0.33331972, 0.33307824, 0.33360207]], dtype=float32), array([[0.33335838, 0.332922  , 0.33371958],
       [0.3333644 , 0.33282208, 0.33381346],
       [0.33335337, 0.33300465, 0.33364198]], dtype=float32), array([[0.33291984, 0.33390474, 0.33317542],
       [0.33300114, 0.33379233, 0.3332065 ],
       [0.33294097, 0.33387554, 0.3331835 ]], dtype=float32), array([[0.33448425, 0.3304906 , 0.33502513],
       [0.33780816, 0.32223174, 0.33996013],
       [0.3340316 , 0.33160964, 0.33435875]], dtype=float32)]",1,0,0,0,0,0,60.58888888888888,83.11111111111111,0.0001295852792467561,6.455086402189716e-05,-1842500.0,2.740000000000001,2.740000000000001,5000.0,5000.0,-1842500.0,0.1725325789297102,0.0,5994,0.0,8266,0.0002715581955,0.0015431216992,5.0,1.0,29970,999.0,653.4517990511354,59940,11988,0,31500,157500,24861,3434.1095910358026,25569786.3100605,11500281.222210322,39.355472564697266,1.5996978618204594e-05,0.0050494978204369545,0.0015431216992,0.0,0.6796584129333496,-0.00011367075785528868,1.0,0.20330075919628143,16595,-0.0009599924087524414,5.0,0.2624514698982239,29970,999.0,5994,653.4437654128251,20,3.458816333650989e-05,5.0,14.5,20,100,0.0005433633104275993,10.368238387501162,1.65,0.12400885701472608,20.0,1.4799631772389e-05,0.0055754079041071235,25400,400,20,10.368238387501162,-13.5,0.00012123960443798122,2000,2000,6.21111845470732e-05,1.65,400,400,1.65,1.1228312881862224e-05,8.525064043934734e-06,4.454233552655973e-05,1.66745816874695e-05,7.083088024134728e-06,1.2601641486778187e-05,3.0131833690981016e-06,1.3650500635279648e-05,1.344030472937617e-05,2.901795091711016e-06,7.496221303866394e-06,0.009048574071141577,0.000830258247798418,0.04170362691280944,0.10289644940821491,0.0034473262642741604,0.014388792212872944,7.235364712486974e-05,26.0,0.0,179820,35964,999.0,30.0,179820,35964,999.0,39.26675796508789,1.558278381708078e-05,1.0,0.6796707510948181,-0.00011213494872208685,26.0,0.20341055,0.002902507781982422,30.0,0.26258739829063416,359640,189000,945000,71928,44865.52519095699,1.2150798780125308e-05,1.0896688877316634e-05,8.204419155174599e-06,3.962081694834645e-05,1.6709387543228884e-05,6.75214721384838e-06,1.2835295384648458e-05,1.2938409501902018e-05,2.9238555283712966e-06,3.094555994356329e-06,7.436840132219687e-06
1,-2460000.0,False,6,ba99d_00000,2025-08-11_17-57-41,1754927861,13.200857162475586,71.81802225112915,9655,Mac,127.0.0.1,71.81802225112915,6,11.022406596204922,2.2373706657553627e-05,11.02211503169783,1.7413063092876881,9.068678405337941,0.0017400715070145683,0.04337262857939251,10.36823839457432,6.0283243006652024e-05,2.259999999999999,-9.5,10.36823839457432,20,0.006711131031217836,3.99752673664503e-05,20.0,5000.0,5.0,10.5,250.0,1.679398504281364e-05,0.006284607664681973,-123000.0,-2460000.0,20,2807.221372200569,5000.0,5250.0,"[array([[0.3330942 , 0.33356047, 0.33334535],
       [0.33311728, 0.33353853, 0.3333442 ],
       [0.33310664, 0.33354864, 0.33334473]], dtype=float32), array([[0.33340192, 0.33308473, 0.3335133 ],
       [0.33342484, 0.33300164, 0.3335735 ],
       [0.33339387, 0.33311394, 0.3334922 ]], dtype=float32), array([[0.3337823 , 0.3335293 , 0.3326884 ],
       [0.3337993 , 0.3335367 , 0.33266398],
       [0.33385593, 0.3335614 , 0.3325827 ]], dtype=float32), array([[0.33300403, 0.3334393 , 0.33355668],
       [0.33303803, 0.33342835, 0.33353359],
       [0.3330472 , 0.33342543, 0.3335274 ]], dtype=float32), array([[0.33278826, 0.3340867 , 0.33312508],
       [0.3328696 , 0.33397424, 0.3331562 ],
       [0.3328094 , 0.33405748, 0.33313316]], dtype=float32), array([[0.33440888, 0.3315714 , 0.33401975],
       [0.34204096, 0.31914136, 0.33881763],
       [0.33545578, 0.32985878, 0.33468544]], dtype=float32)]",1,0,0,0,0,0,55.46315789473684,83.14736842105263,0.0001406841461966083,6.93205866206045e-05,-2460000.0,2.259999999999999,2.259999999999999,5000.0,5000.0,-2460000.0,0.17269478064092517,0.0,5994,0.0,8266,0.0002715581955,0.0015431216992,6.0,1.0,35964,999.0,649.5318322169638,71928,11988,0,31500,189000,24861,3413.507537468292,24851087.973179247,11475682.198633296,38.704559326171875,3.744035836916737e-07,0.0025247489102184772,0.0015431216992,0.0,0.6793137192726135,-3.359621041454375e-05,1.0,0.2033904492855072,16595,2.0205974578857422e-05,6.0,0.2624633312225342,35964,999.0,5994,649.5241373494698,20,7.82538718423787e-05,6.0,14.5,20,120,0.0005452134266149965,10.368238394470474,1.65,0.12568336594376314,20.0,3.3390968104275934e-05,0.007126503295730799,30400,400,20,10.368238394470474,-13.5,0.000255650759955429,2400,2400,0.00012384965297164533,1.65,400,400,1.65,1.1968146118438803e-05,9.005977851673324e-06,5.0279459798808536e-05,1.8205217660588012e-05,7.470354552276193e-06,1.3124394856744218e-05,3.179321839149405e-06,1.5187914456909669e-05,1.4464266290800304e-05,3.0472121098659137e-06,8.125026175378909e-06,0.009063387501257654,0.0008304614960945176,0.04174405814333608,0.10300929991457927,0.0034512113309610585,0.014378573040803073,7.247094127027401e-05,31.0,0.0,215784,35964,999.0,36.0,215784,35964,999.0,38.62038803100586,4.986326871403435e-07,1.0,0.6792853474617004,-2.6050051019410603e-05,31.0,0.20346858,0.0028865933418273926,36.0,0.26255375146865845,431568,189000,1134000,71928,44124.31245118114,2.2873501040103005e-05,2.0550335422747325e-05,1.4733193427993025e-05,0.00010151166983763753,3.2776609703830107e-05,1.2416863043983289e-05,3.063824632669045e-05,2.5452072453258833e-05,5.827581979899062e-06,6.860294532285e-06,1.5787180764612127e-05
1,-3077500.0,False,7,ba99d_00000,2025-08-11_17-57-55,1754927875,13.443135023117065,85.26115727424622,9655,Mac,127.0.0.1,85.26115727424622,7,11.044874929412192,2.2414129926042024e-05,11.044581034300677,1.7579178753651192,9.074082385034814,0.0017510778720434092,0.04713146081255008,10.36823839457432,8.228125616763513e-05,3.1399999999999992,-9.5,10.36823839457432,20,0.009999845436165316,7.225092687026651e-05,20.0,5000.0,6.0,10.5,250.0,3.087678014694776e-05,0.010875539029948412,-153875.0,-3077500.0,20,2027.5636461035497,5000.0,5250.0,"[array([[0.333488  , 0.33277255, 0.33373943],
       [0.33351088, 0.33268952, 0.33379963],
       [0.33347997, 0.33280176, 0.33371833]], dtype=float32), array([[0.33309016, 0.33236706, 0.33454272],
       [0.33305436, 0.3322256 , 0.33472002],
       [0.33316174, 0.33265042, 0.3341879 ]], dtype=float32), array([[0.3333224 , 0.33414683, 0.33253077],
       [0.3333251 , 0.33395547, 0.33271942],
       [0.33331972, 0.33433104, 0.33234918]], dtype=float32), array([[0.33335844, 0.33364296, 0.33299863],
       [0.33335447, 0.33359393, 0.3330516 ],
       [0.3333634 , 0.33370498, 0.33293155]], dtype=float32), array([[0.33211842, 0.33430588, 0.3335757 ],
       [0.3326491 , 0.3338808 , 0.33347005],
       [0.3324723 , 0.33402237, 0.33350527]], dtype=float32), array([[0.3310565 , 0.33803102, 0.33091247],
       [0.3355118 , 0.3288356 , 0.33565262],
       [0.33096278, 0.33822432, 0.33081284]], dtype=float32)]",1,0,0,0,0,0,56.96315789473685,83.34210526315789,0.00024122279593166384,0.0001143374174856914,-3077500.0,3.1399999999999992,3.1399999999999992,5000.0,5000.0,-3077500.0,0.17282683866499943,0.0,5994,0.0,8266,0.0002715581955,0.0015431216992,7.0,1.0,41958,999.0,645.6872058546129,83916,11988,0,31500,220500,24861,3393.301488188299,24154950.283284448,11464517.975938508,38.83281326293945,5.344131182027922e-07,0.0012623744551092386,0.0015431216992,0.0,0.6792059540748596,-3.6603141779778525e-05,1.0,0.20336666703224182,16595,0.0002085566520690918,7.0,0.2624364197254181,41958,999.0,5994,645.6799106903823,20,3.561020856787654e-05,7.0,14.5,20,140,0.0005499387924291638,10.368238394572801,1.85,0.12595565811401843,20.0,1.5779386077112994e-05,0.0074388533364981415,35400,400,20,10.368238394572801,-13.5,0.00012851749963814206,2800,2800,6.46964415711635e-05,1.85,400,400,1.85,1.970448660595326e-05,1.4352328590362777e-05,9.579461285739401e-05,3.258313951958527e-05,1.1422722161078299e-05,1.9721234865652666e-05,5.112195777963989e-06,2.8290700145607027e-05,2.3688673042376616e-05,4.690882229540544e-06,1.3809100458160116e-05,0.00909583320603427,0.0008321056309272658,0.04180288881242076,0.10306099233538933,0.003454284637719801,0.014363073981055642,7.243207177135672e-05,36.0,0.0,251748,35964,999.0,42.0,251748,35964,999.0,38.77004623413086,4.843124656872533e-07,1.0,0.6792131066322327,-3.573570938897319e-05,36.0,0.20344158,0.0027536749839782715,42.0,0.2625313997268677,503496,189000,1323000,71928,43343.53432435034,1.2630583854486015e-05,1.1535659709569749e-05,8.656948922139104e-06,4.300643379178166e-05,1.7361258175153885e-05,7.16592355436479e-06,1.3482653371851638e-05,1.3460929017951284e-05,3.064303244131368e-06,3.136580711259513e-06,7.837275132996348e-06
1,-3695000.0,False,8,ba99d_00000,2025-08-11_17-58-08,1754927888,12.757588863372803,98.01874613761902,9655,Mac,127.0.0.1,98.01874613761902,8,11.060694078037821,2.2254989121723672e-05,11.060400801037863,1.7587546203610303,9.088898779104897,0.0017498437632443285,0.041509094006932944,10.36823839457432,6.200225981395988e-05,1.3799999999999994,-9.5,10.36823839457432,20,0.008036179233063998,6.432864369171955e-05,20.0,5000.0,7.0,10.5,250.0,1.555748331730341e-05,0.006381656182929874,-184750.0,-3695000.0,20,2907.192246991256,5000.0,5250.0,"[array([[0.33483505, 0.33221808, 0.33294684],
       [0.3362635 , 0.3311595 , 0.33257702],
       [0.3358643 , 0.3314551 , 0.33268058]], dtype=float32), array([[0.33345205, 0.3329031 , 0.3336449 ],
       [0.3334749 , 0.33282   , 0.33370507],
       [0.33344397, 0.33293223, 0.33362377]], dtype=float32), array([[0.33163926, 0.33469   , 0.33367077],
       [0.3321696 , 0.33426487, 0.3335655 ],
       [0.33199292, 0.3344065 , 0.33360064]], dtype=float32), array([[0.33390504, 0.33341122, 0.3326837 ],
       [0.334028  , 0.33342785, 0.3325441 ],
       [0.33420953, 0.33345237, 0.33233806]], dtype=float32), array([[0.33362874, 0.33346233, 0.3329089 ],
       [0.33364573, 0.33346972, 0.33288446],
       [0.33370233, 0.33349442, 0.33280316]], dtype=float32), array([[0.33490428, 0.33028203, 0.3348137 ],
       [0.3401798 , 0.32004416, 0.3397761 ],
       [0.3350077 , 0.3300812 , 0.33491114]], dtype=float32)]",1,0,0,0,0,0,49.96666666666667,83.29444444444445,0.00013047972434876396,6.560393241629416e-05,-3695000.0,1.3799999999999994,1.3799999999999994,5000.0,5000.0,-3695000.0,0.17285722027832373,0.0,5994,0.0,8266,0.0002715581955,0.0015431216992,8.0,1.0,47952,999.0,641.515932659825,95904,11988,0,31500,252000,24861,3371.378859462396,23496931.079875287,11474752.881830554,38.810462951660156,4.236035238136537e-06,0.0006311872275546193,0.0015431216992,0.0,0.6786866784095764,-0.00017069868044927716,1.0,0.2032366394996643,16595,0.00022351741790771484,8.0,0.26244062185287476,47952,999.0,5994,641.5090502326075,20,3.224674175480157e-05,8.0,14.5,20,160,0.0005476948146247633,10.3682383945743,2.65,0.12588399486323062,20.0,1.4015343573862149e-05,0.007462194992695004,40400,400,20,10.3682383945743,-13.5,0.00011616583303304203,3200,3200,5.93329812582795e-05,2.65,400,400,2.65,1.1412434082841671e-05,8.590614274732528e-06,4.516997448421116e-05,1.678636418571955e-05,7.015398265241213e-06,1.254543889526489e-05,3.0464673059164247e-06,1.4134560976731192e-05,1.3692554988214131e-05,2.936492631752838e-06,7.753702490178228e-06,0.009094683624173082,0.0008324174843573831,0.041804539924346545,0.10309655158153404,0.0034585688716221915,0.014352930740796932,7.25340006512373e-05,41.0,0.0,287712,35964,999.0,48.0,287712,35964,999.0,38.74673843383789,3.551927193257143e-06,1.0,0.6787276864051819,-0.00015746656572446227,41.0,0.20332986,0.0027018189430236816,48.0,0.26254263520240784,575424,189000,1512000,71928,42537.1287843692,1.1864030392881107e-05,1.0531466374854591e-05,7.909840057719296e-06,3.7855501762740565e-05,1.552700407224996e-05,6.564343502250601e-06,1.2009332880195342e-05,1.2364519609733611e-05,2.8461185282999094e-06,2.9045210485920184e-06,7.256344379329495e-06
1,-4312500.0,False,9,ba99d_00000,2025-08-11_17-58-19,1754927899,11.323678970336914,109.34242510795593,9655,Mac,127.0.0.1,109.34242510795593,9,11.062033015177812,2.209576916558029e-05,11.061740255946928,1.757970825406519,9.08882386673376,0.001748084075255673,0.0440782293245871,10.36823839457432,4.81373789773824e-05,0.8199999999999998,-9.5,10.36823839457432,20,0.0065807443882622925,3.516147767453248e-05,20.0,5000.0,8.0,10.5,250.0,1.5269030817588525e-05,0.005756656323093923,-215625.0,-4312500.0,20,3020.9157897848677,5000.0,5250.0,"[array([[0.3327002 , 0.33316588, 0.3341339 ],
       [0.33276132, 0.3331821 , 0.3340566 ],
       [0.33288807, 0.33321568, 0.33389625]], dtype=float32), array([[0.33340192, 0.33308473, 0.3335133 ],
       [0.33342484, 0.33300164, 0.3335735 ],
       [0.33339387, 0.3331139 , 0.3334922 ]], dtype=float32), array([[0.33245572, 0.33481377, 0.3327305 ],
       [0.33281207, 0.33421248, 0.33297548],
       [0.33249736, 0.33474344, 0.33275914]], dtype=float32), array([[0.33363625, 0.3333747 , 0.3329891 ],
       [0.3337592 , 0.33339143, 0.33284938],
       [0.33394065, 0.33341604, 0.33264327]], dtype=float32), array([[0.3322586 , 0.33514643, 0.3325949 ],
       [0.33261508, 0.33454484, 0.33284009],
       [0.3323003 , 0.3350761 , 0.3326236 ]], dtype=float32), array([[0.33418223, 0.33168426, 0.33413345],
       [0.33946842, 0.3214238 , 0.33910778],
       [0.33428589, 0.33148304, 0.3342311 ]], dtype=float32)]",1,0,0,0,0,0,41.65625,83.09375,0.00012924105290070695,6.473722675522128e-05,-4312500.0,0.8199999999999998,0.8199999999999998,5000.0,5000.0,-4312500.0,0.17491293432496946,0.0,5994,0.0,8266,0.0002715581955,0.0015431216992,9.0,1.0,53946,999.0,638.1605595554031,107892,11988,0,31500,283500,24861,3353.7438649791807,22881199.827104516,11484116.614863131,39.188926696777344,7.063563771225745e-06,0.00031559361377730966,0.0015431216992,0.0,0.6782215237617493,-9.799680265132338e-05,1.0,0.20331135392189026,16595,0.00034743547439575195,9.0,0.26244229078292847,53946,999.0,5994,638.154068998574,20,3.1549711776081724e-05,9.0,14.5,20,180,0.000545459117002813,10.368238394574323,3.05,0.1257842136645069,20.0,1.3825926031338718e-05,0.007310205821413547,45400,400,20,10.368238394574323,-13.5,0.00011571090767486919,3600,3600,5.941851122362342e-05,3.05,400,400,3.05,1.1165160011914418e-05,8.668258422101512e-06,4.420343323187981e-05,1.675834114327865e-05,7.125276369388443e-06,1.2442904342670586e-05,3.0729494509922913e-06,1.3915270192671428e-05,1.3459542660251944e-05,2.9068194570728974e-06,7.540191595896381e-06,0.009108599288379132,0.0008334003896951248,0.04180458577498812,0.10321638565611446,0.003471006513022614,0.016260987263438553,7.285658131322261e-05,46.0,0.0,323676,35964,999.0,54.0,323676,35964,999.0,39.118160247802734,6.644675977440784e-06,1.0,0.6782407164573669,-9.393692016601562e-05,46.0,0.20338042,0.0025725960731506348,54.0,0.26252439618110657,647352,189000,1701000,71928,41743.94206690754,1.1817134511252123e-05,1.053159008082179e-05,7.875612965831882e-06,3.75559724806844e-05,1.547150488113804e-05,6.515593739736073e-06,1.199500313664852e-05,1.2486890032835834e-05,2.8085905080274053e-06,2.9304933610854547e-06,7.173933870968318e-06
1,-4930000.0,False,10,ba99d_00000,2025-08-11_17-58-31,1754927911,12.195212841033936,121.53763794898987,9655,Mac,127.0.0.1,121.53763794898987,10,11.071906756275883,2.1935641972038713e-05,11.071611720057515,1.7560871596526573,9.100420370986336,0.0017524824034289232,0.03955873028796418,10.36823839457432,4.2829599462662194e-05,1.8600000000000003,-9.5,10.36823839457432,20,0.005919839442149425,3.280462313146604e-05,20.0,5000.0,9.0,10.5,250.0,1.409692925412151e-05,0.005391141348052769,-246500.0,-4930000.0,20,3175.836447909341,5000.0,5250.0,"[array([[0.333488  , 0.33277255, 0.33373943],
       [0.33351088, 0.33268952, 0.33379963],
       [0.33347997, 0.33280176, 0.33371833]], dtype=float32), array([[0.33357665, 0.3332593 , 0.33316404],
       [0.33365804, 0.33323455, 0.33310744],
       [0.33368248, 0.3332271 , 0.33309042]], dtype=float32), array([[0.33219615, 0.33525202, 0.3325519 ],
       [0.3325526 , 0.3346503 , 0.33279714],
