num_training_step_calls_per_iteration,num_env_steps_sampled_lifetime,done,training_iteration,trial_id,date,timestamp,time_this_iter_s,time_total_s,pid,hostname,node_ip,time_since_restore,iterations_since_restore,timers/training_iteration,timers/restore_env_runners,timers/training_step,timers/env_runner_sampling_timer,timers/learner_update_timer,timers/synch_weights,env_runners/num_episodes,env_runners/episode_len_max,env_runners/rlmodule_inference_timer,env_runners/episode_len_min,env_runners/time_between_sampling,env_runners/num_env_steps_sampled,env_runners/env_to_module_sum_episodes_length_out,env_runners/env_reset_timer,env_runners/num_episodes_lifetime,env_runners/episode_return_mean,env_runners/sample,env_runners/env_step_timer,env_runners/episode_len_mean,env_runners/episode_return_max,env_runners/episode_duration_sec_mean,env_runners/num_env_steps_sampled_lifetime,env_runners/weights_seq_no,env_runners/episode_return_min,env_runners/env_to_module_sum_episodes_length_in,env_runners/num_env_steps_sampled_lifetime_throughput,__all_modules__/learner_connector_sum_episodes_length_in,__all_modules__/learner_connector_sum_episodes_length_out,learners/IntrinsicAttentionMask,evaluation/num_healthy_workers,evaluation/actor_manager_num_outstanding_async_reqs,evaluation/num_remote_worker_restarts,fault_tolerance/num_healthy_workers,fault_tolerance/num_remote_worker_restarts,env_runner_group/actor_manager_num_outstanding_async_reqs,perf/cpu_util_percent,perf/ram_util_percent,env_runners/env_to_module_connector/connector_pipeline_timer,env_runners/module_to_env_connector/connector_pipeline_timer,env_runners/num_agent_steps_sampled_lifetime/default_agent,env_runners/num_module_steps_sampled_lifetime/default_policy,env_runners/agent_episode_returns_mean/default_agent,env_runners/num_module_steps_sampled/default_policy,env_runners/num_agent_steps_sampled/default_agent,env_runners/module_episode_returns_mean/default_policy,__all_modules__/learner_connector/connector_pipeline_timer,learners/default_policy/num_module_steps_trained_lifetime,learners/default_policy/module_train_batch_size_mean,learners/default_policy/vf_loss_unclipped,learners/default_policy/num_module_steps_trained,learners/default_policy/num_trainable_parameters,learners/default_policy/total_loss,learners/default_policy/use_intrinsic_rewards,learners/default_policy/diff_num_grad_updates_vs_sampler_policy,learners/default_policy/mean_kl_loss,learners/default_policy/weights_seq_no,learners/default_policy/vf_loss,learners/default_policy/curr_kl_coeff,learners/default_policy/vf_explained_var,learners/default_policy/policy_loss,learners/default_policy/entropy,learners/default_policy/curr_entropy_coeff,learners/default_policy/num_module_steps_trained_lifetime_throughput,learners/intrinsic_reward_module/num_module_steps_trained_lifetime,learners/intrinsic_reward_module/module_train_batch_size_mean,learners/intrinsic_reward_module/curr_entropy_coeff,learners/intrinsic_reward_module/gradients_default_optimizer_global_norm,learners/intrinsic_reward_module/num_module_steps_trained,learners/intrinsic_reward_module/num_trainable_parameters,learners/intrinsic_reward_module/total_loss,learners/intrinsic_reward_module/diff_num_grad_updates_vs_sampler_policy,learners/intrinsic_reward_module/default_optimizer_learning_rate,learners/intrinsic_reward_module/weights_seq_no,learners/intrinsic_reward_module/num_module_steps_trained_lifetime_throughput,learners/__all_modules__/num_env_steps_trained_lifetime,learners/__all_modules__/num_env_steps_trained,learners/__all_modules__/num_module_steps_trained_lifetime,learners/__all_modules__/num_non_trainable_parameters,learners/__all_modules__/num_module_steps_trained,learners/__all_modules__/num_trainable_parameters,learners/__all_modules__/num_env_steps_trained_lifetime_throughput,learners/__all_modules__/num_module_steps_trained_throughput,learners/__all_modules__/num_module_steps_trained_lifetime_throughput,evaluation/env_runners/episode_return_mean,evaluation/env_runners/sample,evaluation/env_runners/env_step_timer,evaluation/env_runners/episode_return_max,evaluation/env_runners/episode_return_min,evaluation/env_runners/episode_len_min,evaluation/env_runners/env_to_module_sum_episodes_length_out,evaluation/env_runners/num_episodes_lifetime,evaluation/env_runners/episode_len_mean,evaluation/env_runners/num_env_steps_sampled_lifetime,evaluation/env_runners/episode_duration_sec_mean,evaluation/env_runners/episode_len_max,evaluation/env_runners/weights_seq_no,evaluation/env_runners/num_episodes,evaluation/env_runners/rlmodule_inference_timer,evaluation/env_runners/num_env_steps_sampled,evaluation/env_runners/env_reset_timer,evaluation/env_runners/env_to_module_sum_episodes_length_in,evaluation/env_runners/num_module_steps_sampled/default_policy,evaluation/env_runners/env_to_module_connector/connector_pipeline_timer,evaluation/env_runners/num_agent_steps_sampled/default_agent,evaluation/env_runners/module_to_env_connector/connector_pipeline_timer,evaluation/env_runners/num_module_steps_sampled_lifetime/default_policy,evaluation/env_runners/num_agent_steps_sampled_lifetime/default_agent,evaluation/env_runners/module_episode_returns_mean/default_policy,evaluation/env_runners/agent_episode_returns_mean/default_agent,env_runners/env_to_module_connector/timers/connectors/add_states_from_episodes_to_batch,env_runners/env_to_module_connector/timers/connectors/add_observations_from_episodes_to_batch,env_runners/env_to_module_connector/timers/connectors/batch_individual_items,env_runners/env_to_module_connector/timers/connectors/numpy_to_tensor,env_runners/env_to_module_connector/timers/connectors/add_time_dim_to_batch_and_zero_pad,env_runners/module_to_env_connector/timers/connectors/normalize_and_clip_actions,env_runners/module_to_env_connector/timers/connectors/listify_data_for_vector_env,env_runners/module_to_env_connector/timers/connectors/remove_single_ts_time_rank_from_batch,env_runners/module_to_env_connector/timers/connectors/un_batch_to_individual_items,env_runners/module_to_env_connector/timers/connectors/get_actions,env_runners/module_to_env_connector/timers/connectors/tensor_to_numpy,__all_modules__/learner_connector/timers/connectors/add_one_ts_to_episodes_and_truncate,__all_modules__/learner_connector/timers/connectors/add_observations_from_episodes_to_batch,__all_modules__/learner_connector/timers/connectors/add_columns_from_episodes_to_train_batch,__all_modules__/learner_connector/timers/connectors/add_time_dim_to_batch_and_zero_pad,__all_modules__/learner_connector/timers/connectors/add_states_from_episodes_to_batch,__all_modules__/learner_connector/timers/connectors/batch_individual_items,__all_modules__/learner_connector/timers/connectors/numpy_to_tensor,learners/differentiable_learners/intrinsic_attention_ppo_learner/__all_modules__/num_env_steps_trained_lifetime,learners/differentiable_learners/intrinsic_attention_ppo_learner/__all_modules__/num_env_steps_trained,learners/differentiable_learners/intrinsic_attention_ppo_learner/__all_modules__/num_module_steps_trained_lifetime,learners/differentiable_learners/intrinsic_attention_ppo_learner/__all_modules__/num_module_steps_trained,learners/differentiable_learners/intrinsic_attention_ppo_learner/__all_modules__/num_env_steps_trained_lifetime_throughput,learners/differentiable_learners/intrinsic_attention_ppo_learner/intrinsic_reward_module/weights_seq_no,learners/differentiable_learners/intrinsic_attention_ppo_learner/intrinsic_reward_module/num_module_steps_trained_lifetime,learners/differentiable_learners/intrinsic_attention_ppo_learner/intrinsic_reward_module/module_train_batch_size_mean,learners/differentiable_learners/intrinsic_attention_ppo_learner/intrinsic_reward_module/num_module_steps_trained,learners/differentiable_learners/intrinsic_attention_ppo_learner/intrinsic_reward_module/total_loss,learners/differentiable_learners/intrinsic_attention_ppo_learner/intrinsic_reward_module/diff_num_grad_updates_vs_sampler_policy,learners/differentiable_learners/intrinsic_attention_ppo_learner/default_policy/policy_loss,learners/differentiable_learners/intrinsic_attention_ppo_learner/default_policy/num_module_steps_trained_lifetime,learners/differentiable_learners/intrinsic_attention_ppo_learner/default_policy/module_train_batch_size_mean,learners/differentiable_learners/intrinsic_attention_ppo_learner/default_policy/vf_loss_unclipped,learners/differentiable_learners/intrinsic_attention_ppo_learner/default_policy/num_module_steps_trained,learners/differentiable_learners/intrinsic_attention_ppo_learner/default_policy/total_loss,learners/differentiable_learners/intrinsic_attention_ppo_learner/default_policy/use_intrinsic_rewards,learners/differentiable_learners/intrinsic_attention_ppo_learner/default_policy/mean_kl_loss,learners/differentiable_learners/intrinsic_attention_ppo_learner/default_policy/vf_explained_var,learners/differentiable_learners/intrinsic_attention_ppo_learner/default_policy/diff_num_grad_updates_vs_sampler_policy,learners/differentiable_learners/intrinsic_attention_ppo_learner/default_policy/entropy,learners/differentiable_learners/intrinsic_attention_ppo_learner/default_policy/weights_seq_no,learners/differentiable_learners/intrinsic_attention_ppo_learner/default_policy/vf_loss,evaluation/env_runners/env_to_module_connector/timers/connectors/add_observations_from_episodes_to_batch,evaluation/env_runners/env_to_module_connector/timers/connectors/numpy_to_tensor,evaluation/env_runners/env_to_module_connector/timers/connectors/add_time_dim_to_batch_and_zero_pad,evaluation/env_runners/env_to_module_connector/timers/connectors/add_states_from_episodes_to_batch,evaluation/env_runners/env_to_module_connector/timers/connectors/batch_individual_items,evaluation/env_runners/module_to_env_connector/timers/connectors/un_batch_to_individual_items,evaluation/env_runners/module_to_env_connector/timers/connectors/get_actions,evaluation/env_runners/module_to_env_connector/timers/connectors/tensor_to_numpy,evaluation/env_runners/module_to_env_connector/timers/connectors/normalize_and_clip_actions,evaluation/env_runners/module_to_env_connector/timers/connectors/remove_single_ts_time_rank_from_batch,evaluation/env_runners/module_to_env_connector/timers/connectors/listify_data_for_vector_env
1,627500.0,False,1,b1762_00000,2025-08-11_18-23-56,1754929436,12.192831039428711,12.192831039428711,10959,Mac,127.0.0.1,12.192831039428711,1,12.053745625074953,8.375034667551517e-06,12.053521708003245,2.2755516660399735,9.580205249949358,0.001944500021636486,250.0,20,5.20744276845445e-05,20,0.0008121883670105437,5000.0,10.191744832559449,0.00013330298754806475,31375.0,-1.2200000000000002,0.00842356774500189,2.0874921284103056e-05,20.0,9.5,0.007440941308625044,627500.0,0.0,-10.5,10.191744832559449,2713.6377655539145,5000,5250,"[array([[0.16665661, 0.16643125, 0.16653642, 0.16680098, 0.16682051,
        0.1667542 ],
       [0.16664243, 0.16610332, 0.16635478, 0.16698827, 0.16703509,
        0.16687614],
       [0.16664909, 0.16625637, 0.1664396 , 0.16690086, 0.16693492,
        0.16681924],
       [0.16666558, 0.16664128, 0.16665263, 0.16668114, 0.16668324,
        0.1666761 ],
       [0.16666679, 0.1666697 , 0.16666834, 0.16666494, 0.16666469,
        0.16666554],
       [0.1666627 , 0.16657323, 0.166615  , 0.16671997, 0.16672772,
        0.16670142]], dtype=float32), array([[0.16667111, 0.16673368, 0.16665365, 0.16664492, 0.16659781,
        0.16669874],
       [0.1666625 , 0.16660428, 0.16667876, 0.16668688, 0.16673075,
        0.16663678],
       [0.16667353, 0.16676983, 0.16664666, 0.16663322, 0.16656072,
        0.16671604],
       [0.16667472, 0.1667879 , 0.16664313, 0.16662735, 0.16654216,
        0.16672468],
       [0.1666812 , 0.16688545, 0.1666242 , 0.16659573, 0.1664421 ,
        0.16677137],
       [0.16666733, 0.16667655, 0.16666476, 0.16666347, 0.16665652,
        0.16667141]], dtype=float32), array([[0.16596174, 0.16682646, 0.16709174, 0.16652401, 0.16657305,
        0.16702305],
       [0.16655838, 0.16669124, 0.16673188, 0.16664483, 0.16665237,
        0.16672136],
       [0.16674109, 0.16664979, 0.16662188, 0.16668166, 0.16667649,
        0.1666291 ],
       [0.16634986, 0.16673851, 0.16685751, 0.16660269, 0.16662471,
        0.16682671],
       [0.16638368, 0.16673084, 0.16683713, 0.16660953, 0.16662921,
        0.16680962],
       [0.16669379, 0.16666052, 0.16665034, 0.16667213, 0.16667025,
        0.16665298]], dtype=float32), array([[0.1665906 , 0.16679175, 0.166613  , 0.1666242 , 0.16668463,
        0.16669583],
       [0.16687764, 0.16632012, 0.16681546, 0.16678436, 0.16661671,
        0.16658567],
       [0.16662258, 0.16673918, 0.16663556, 0.16664205, 0.1666771 ,
        0.16668358],
       [0.16663855, 0.1667129 , 0.16664684, 0.16665098, 0.16667332,
        0.16667745],
       [0.1667248 , 0.16657108, 0.16670766, 0.16669911, 0.1666529 ,
        0.16664435],
       [0.16674079, 0.16654482, 0.16671896, 0.16670804, 0.16664913,
        0.16663821]], dtype=float32), array([[0.1660641 , 0.16692933, 0.16657764, 0.16724402, 0.16667576,
        0.16650917],
       [0.16657412, 0.166707  , 0.16665305, 0.16675517, 0.16666812,
        0.16664253],
       [0.16636701, 0.16679727, 0.16662252, 0.16695346, 0.16667128,
        0.16658847],
       [0.1667592 , 0.16662633, 0.16668025, 0.16657822, 0.1666652 ,
        0.16669075],
       [0.16642481, 0.16677207, 0.16663104, 0.16689809, 0.16667041,
        0.16660357],
       [0.16632664, 0.16681485, 0.16661654, 0.16699213, 0.16667189,
        0.1665779 ]], dtype=float32), array([[0.16656718, 0.1667683 , 0.16673024, 0.16660076, 0.16666119,
        0.1666724 ],
       [0.16694276, 0.16638502, 0.16649038, 0.16684945, 0.16668172,
        0.16665067],
       [0.16687168, 0.16645747, 0.16653575, 0.1668024 , 0.16667786,
        0.1666548 ],
       [0.1666299 , 0.16670422, 0.16669016, 0.16664231, 0.16666465,
        0.16666877],
       [0.16674274, 0.166589  , 0.16661808, 0.16671705, 0.16667083,
        0.16666228],
       [0.16676366, 0.16656767, 0.16660473, 0.1667309 , 0.16667199,
        0.16666107]], dtype=float32)]",1,0,0,0,0,0,49.74444444444444,81.13888888888889,8.302582951339168e-05,0.00018454845974070585,627500.0,627500.0,-1.2200000000000002,5000.0,5000.0,-1.2200000000000002,0.15549762500450015,5985,998.9117791197002,42.190799713134766,5985,16595,0.2486439347267151,0.0,1.0,8.630543106846744e-07,1.0,0.3206344544887543,0.08079196512699127,-0.0007107257843017578,-7.754992111586034e-05,0.6929090619087219,0.0015431216992,655.5444464641994,5985,998.9117791197002,0.0015431216992,0.0,5985,8266,0.0,1.0,0.0002715581955,1.0,655.5572499535342,36000,36000,11970,0,11970,24861,3948.024163539051,29940647.139946595,13016734.054686612,2.45,0.12328587507363409,1.615114274390766e-05,12.5,-11.5,20,10.216013141322508,20,20.0,5400,0.005546901910565794,20,1.0,20,3.811215252221638e-05,400,0.0005720419576391578,10.216013141322508,400,6.577397064279495e-05,400,0.00013262526520824202,400,400,2.45,2.45,3.2541880171883193e-06,3.4944924000355933e-06,1.899436238003072e-05,1.737653434730796e-05,9.118407934552108e-06,1.3624225250120355e-05,1.247716809457627e-05,1.5562448131994066e-05,7.897125142761746e-06,8.226091228709296e-05,2.0699381257598496e-05,0.010893625090830028,0.0008783329976722598,0.04193754098378122,0.09051312494557351,0.0035600829869508743,0.007473875069990754,7.025001104921103e-05,216000,216000,71820,71820,58133.124441978645,6.0,35910,998.5423314844973,35910,0.0,6.0,-6.548010424012318e-05,35910,998.5423314844973,42.119686126708984,35910,0.24965256,1.0,5.657982455886668e-07,0.00047206878662109375,6.0,0.6929036974906921,6.0,0.3219137191772461,3.559432645567684e-06,1.3092953054920945e-05,8.581467766064828e-06,2.7722504499443463e-06,1.2861767324037164e-05,6.742525556242416e-06,4.788776328094705e-05,1.8071189081494897e-05,9.529176209864803e-06,1.3232378035751123e-05,1.0562674234079495e-05
1,10000.0,False,2,b1762_00000,2025-08-11_18-24-06,1754929446,10.329731941223145,22.522562980651855,10959,Mac,127.0.0.1,22.522562980651855,2,12.035234812984708,8.386704139411448e-06,12.035009565502405,2.2702597227087242,9.566857302868739,0.0019412400212604553,250.0,20,4.754261635011269e-05,20,0.037553617958838915,5000.0,10.36823839457432,5.795081711869722e-05,500.0,-0.17999999999999997,0.006244442626974916,1.4466283846281721e-05,20.0,9.5,0.006057088154833764,10000.0,1.0,-10.5,10.36823839457432,3119.6948365183343,5000.0,5250.0,"[array([[0.16606393, 0.16631304, 0.16657749, 0.16662654, 0.16729312,
        0.16712591],
       [0.16621101, 0.16639942, 0.16659938, 0.16663645, 0.16714005,
        0.16701376],
       [0.16636696, 0.16649094, 0.16662247, 0.16664685, 0.16697785,
        0.16689488],
       [0.16639587, 0.16650791, 0.16662675, 0.16664878, 0.16694781,
        0.16687286],
       [0.16678813, 0.16673781, 0.16668448, 0.1666746 , 0.1665407 ,
        0.16657422],
       [0.16668984, 0.16668025, 0.16667007, 0.16666818, 0.16664262,
        0.16664903]], dtype=float32), array([[0.16643807, 0.16681197, 0.16647968, 0.16676202, 0.16687453,
        0.16663362],
       [0.16690205, 0.1665171 , 0.16685912, 0.16656841, 0.16645285,
        0.1667005 ],
       [0.16648974, 0.16677916, 0.16652195, 0.1667405 , 0.16682756,
        0.16664113],
       [0.16684009, 0.16655646, 0.16680847, 0.16659428, 0.1665091 ,
        0.1666916 ],
       [0.16697963, 0.1664678 , 0.16692254, 0.16653602, 0.16638245,
        0.1667116 ],
       [0.1666808 , 0.16665769, 0.16667822, 0.16666077, 0.16665383,
        0.16666871]], dtype=float32), array([[0.16665666, 0.16667616, 0.1667815 , 0.16680102, 0.16657545,
        0.16650923],
       [0.16665787, 0.16667502, 0.16676764, 0.16678481, 0.16658646,
        0.16652821],
       [0.16666439, 0.16666885, 0.1666929 , 0.16669735, 0.16664584,
        0.16663072],
       [0.1666656 , 0.16666768, 0.16667904, 0.16668114, 0.16665684,
        0.1666497 ],
       [0.1666516 , 0.16668092, 0.16683917, 0.16686851, 0.16652963,
        0.16643019],
       [0.16664746, 0.16668476, 0.16688621, 0.16692357, 0.16649224,
        0.16636573]], dtype=float32), array([[0.16648164, 0.16685565, 0.16652325, 0.16680568, 0.16665642,
        0.16667725],
       [0.16685714, 0.16647229, 0.16681422, 0.16652359, 0.16667707,
        0.16665563],
       [0.16652347, 0.16681294, 0.16655569, 0.16677427, 0.16665876,
        0.16667488],
       [0.16680701, 0.16652343, 0.1667754 , 0.16656125, 0.16667435,
        0.16665855],
       [0.1666572 , 0.16667634, 0.16665933, 0.1666738 , 0.16666615,
        0.16666721],
       [0.16667812, 0.166655  , 0.16667554, 0.16665809, 0.16666731,
        0.16666603]], dtype=float32), array([[0.16606385, 0.16631295, 0.16657741, 0.16724378, 0.16729303,
        0.16650893],
       [0.16621095, 0.16639936, 0.16659932, 0.1671028 , 0.16713999,
        0.16654755],
       [0.16636695, 0.16649093, 0.16662246, 0.1669534 , 0.16697784,
        0.16658841],
       [0.1667592 , 0.16672087, 0.16668025, 0.16657822, 0.1665707 ,
        0.16669075],
       [0.16678813, 0.16673781, 0.16668448, 0.16655056, 0.1665407 ,
        0.16669828],
       [0.16632658, 0.16646725, 0.16661648, 0.16699207, 0.1670198 ,
        0.16657785]], dtype=float32), array([[0.16667113, 0.16662401, 0.16665366, 0.16675463, 0.16659781,
        0.16669875],
       [0.16667758, 0.16656195, 0.16663472, 0.16688262, 0.1664977 ,
        0.1667454 ],
       [0.16667353, 0.16660102, 0.16664664, 0.16680206, 0.16656072,
        0.16671605],
       [0.16665961, 0.16673392, 0.16668715, 0.16652805, 0.16677524,
        0.16661607],
       [0.16668117, 0.16652745, 0.16662419, 0.16695382, 0.16644208,
        0.16677134],
       [0.16666733, 0.16666038, 0.16666475, 0.16667962, 0.16665651,
        0.16667138]], dtype=float32)]",1,0,0,0,0,0,40.60666666666666,80.52666666666667,6.223430812736561e-05,0.0001228408602697175,10000.0,10000.0,-0.17999999999999997,5000.0,5000.0,-0.17999999999999997,0.1555228737543803,11970,998.828720912135,42.36626434326172,5985,16595,0.2483626902103424,0.0,1.0,3.659690264612436e-05,2.0,0.32056936621665955,0.040395982563495636,-8.285045623779297e-05,-0.0003112147096544504,0.6927151083946228,0.0015431216992,655.6989070658373,11970,998.828720912135,0.0015431216992,0.0,5985,8266,0.0,1.0,0.0002715581955,2.0,655.7115047377337,72000,36000,23940,0,11970,24861,3948.897938789646,29519240.523308814,12993277.40811275,2.95,0.1232066884136293,1.4209117912026984e-05,13.5,-14.5,20,10.366003441359926,40,20.0,10400,0.005404196731979028,20,2.0,20,3.11585437265615e-05,400,0.0005696402885951101,10.366003441359926,400,5.949049883288174e-05,400,0.00011491595050029843,800,800,2.95,2.95,2.7719495688368447e-06,2.9035096847275503e-06,1.288320941626639e-05,1.3087005007099651e-05,7.469047353244538e-06,8.185576017057601e-06,1.0615038067380012e-05,1.2006475986713613e-05,6.735368467429099e-06,4.197335754663323e-05,1.588938779378176e-05,0.010879143009660766,0.0008787638379726559,0.04195445641409606,0.09053086285712197,0.003563157987082377,0.007475087159546092,7.080501061864196e-05,432000,216000,143640,71820,57818.21423086521,12.0,71820,998.2236050808158,35910,0.0,11.0,-0.0003006775223184377,71820,998.2236050808158,42.31924819946289,35910,0.24921316,1.0,3.432069570408203e-05,0.0005176663398742676,11.0,0.6927226185798645,12.0,0.3216441869735718,2.8814001436679078e-06,1.2023536255527859e-05,6.999124498863991e-06,2.7143600315307993e-06,1.2590612113037908e-05,6.608508216135936e-06,3.679069938473739e-05,1.507032222934925e-05,7.911036497483346e-06,1.1978101698089567e-05,1.0275100118212444e-05
1,-607500.0,False,3,b1762_00000,2025-08-11_18-24-17,1754929457,11.374245882034302,33.89680886268616,10959,Mac,127.0.0.1,33.89680886268616,3,12.027282196105341,8.36617751047015e-06,12.027057139847008,2.263649341731891,9.565480515680228,0.0019311997005599553,250.0,20,5.085745261264954e-05,20,0.035135210358461386,5000.0,10.36823839457432,4.665582547567905e-05,-30375.0,0.54,0.006478213713862074,1.4600879978974226e-05,20.0,9.5,0.005516927336808295,-607500.0,2.0,-10.5,10.36823839457432,3089.971184881312,5000.0,5250.0,"[array([[0.16596165, 0.16682637, 0.16709165, 0.16714086, 0.16657296,
        0.16640647],
       [0.16655837, 0.16669123, 0.16673186, 0.1667394 , 0.16665235,
        0.16662678],
       [0.16674109, 0.16664979, 0.16662188, 0.16661671, 0.16667649,
        0.16669406],
       [0.16677496, 0.1666421 , 0.1666015 , 0.16659397, 0.16668095,
        0.16670652],
       [0.16638367, 0.16673084, 0.16683713, 0.16685683, 0.16662921,
        0.16656238],
       [0.16626881, 0.16675685, 0.16690634, 0.16693406, 0.16661392,
        0.16651998]], dtype=float32), array([[0.16671449, 0.16661541, 0.16667776, 0.1666594 , 0.16679096,
        0.166542  ],
       [0.16674754, 0.16657992, 0.1666854 , 0.16665433, 0.16687697,
        0.16645578],
       [0.16672674, 0.16660225, 0.16668059, 0.16665752, 0.16682284,
        0.16651005],
       [0.16673285, 0.16659567, 0.16668199, 0.16665657, 0.16683877,
        0.16649406],
       [0.16668896, 0.16664277, 0.16667184, 0.16666329, 0.16672462,
        0.16660853],
       [0.16677204, 0.16655362, 0.16669105, 0.16665058, 0.16694075,
        0.16639191]], dtype=float32), array([[0.16673838, 0.1667579 , 0.16661812, 0.16663761, 0.16665713,
        0.16659088],
       [0.16672972, 0.16674688, 0.16662396, 0.16664113, 0.16665828,
        0.16660002],
       [0.16679169, 0.16682574, 0.16658202, 0.16661601, 0.16665001,
        0.16653454],
       [0.16678303, 0.16681473, 0.16658786, 0.16661952, 0.16665117,
        0.16654368],
       [0.16677439, 0.16680372, 0.16659372, 0.16662301, 0.16665232,
        0.16655281],
       [0.16680376, 0.1668411 , 0.16657382, 0.1666111 , 0.1666484 ,
        0.16652177]], dtype=float32), array([[0.16668941, 0.16664228, 0.16667195, 0.16677292, 0.16661608,
        0.16660737],
       [0.16672245, 0.16660678, 0.16667958, 0.16692755, 0.16654253,
        0.16652112],
       [0.16670167, 0.16662914, 0.16667478, 0.16683023, 0.16658884,
        0.1665754 ],
       [0.16663079, 0.16670509, 0.16665831, 0.16649926, 0.1667464 ,
        0.16676018],
       [0.1667408 , 0.16658702, 0.1666838 , 0.16701354, 0.16650161,
        0.16647315],
       [0.16674693, 0.16658045, 0.16668521, 0.16704223, 0.16648799,
        0.16645718]], dtype=float32), array([[0.16669746, 0.16647205, 0.16657723, 0.16659674, 0.1668614 ,
        0.16679507],
       [0.16674028, 0.16620086, 0.16645247, 0.16649912, 0.16713318,
        0.16697414],
       [0.16672033, 0.16632743, 0.16651073, 0.16654472, 0.16700628,
        0.16689056],
       [0.16671662, 0.16635089, 0.16652152, 0.16655315, 0.16698277,
        0.16687506],
       [0.16666628, 0.16666919, 0.16666783, 0.16666758, 0.16666418,
        0.16666503],
       [0.1666789 , 0.16658942, 0.16663119, 0.16663893, 0.16674393,
        0.16671763]], dtype=float32), array([[0.16648164, 0.16659397, 0.16678484, 0.16654406, 0.16665643,
        0.16693908],
       [0.16659448, 0.16663831, 0.16671279, 0.16661884, 0.1666627 ,
        0.16677293],
       [0.16678607, 0.16671352, 0.16659038, 0.16674574, 0.1666732 ,
        0.16649103],
       [0.16654436, 0.16661862, 0.1667448 , 0.16658564, 0.16665992,
        0.16684671],
       [0.1666572 , 0.16666295, 0.16667272, 0.16666038, 0.16666614,
        0.1666806 ],
       [0.16694082, 0.16677417, 0.16649155, 0.16684815, 0.16668159,
        0.16626379]], dtype=float32)]",1,0,0,0,0,0,42.21875,78.875,6.252468258071244e-05,0.00012387677046919854,-607500.0,-607500.0,0.54,5000.0,5000.0,0.54,0.1554860308462405,17955,998.7505232584676,40.434452056884766,5985,16595,0.24871987104415894,0.0,1.0,3.747321534319781e-05,3.0,0.32053929567337036,0.020197991281747818,-9.298324584960938e-06,7.057894254103303e-05,0.6925290822982788,0.0015431216992,655.4369183750508,17955,998.7505232584676,0.0015431216992,0.0,5985,8266,0.0,1.0,0.0002715581955,3.0,655.4490755617152,108000,36000,35910,0,11970,24861,3947.227306520906,28873595.820047297,12952467.555785496,2.783333333333333,0.12319549444973235,1.5106536360190658e-05,13.5,-14.5,20,10.368205581254823,60,20.0,15400,0.005445759640618538,20,3.0,20,3.2900444104133256e-05,400,0.0005669072156073525,10.368205581254823,400,6.079704456104694e-05,400,0.0001212445337195566,1200,1200,2.783333333333333,2.783333333333333,2.808457477949336e-06,2.9189661545799103e-06,1.2932329976961488e-05,1.3209541625030369e-05,7.453217264556602e-06,8.160306026049108e-06,1.069026224139187e-05,1.2069317112790583e-05,6.843099264156493e-06,4.223087695650398e-05,1.622199172121881e-05,0.010859068660216872,0.00087958202942973,0.04194742018072865,0.09051495714869816,0.0035647247370216065,0.007479198368068318,7.09002902614884e-05,648000,216000,215460,71820,57252.734476638514,18.0,107730,998.0016398003509,35910,0.0,16.0,7.61209157644771e-05,107730,998.0016398003509,40.57605743408203,35910,0.24940687,1.0,3.8814898289274424e-05,0.0004717707633972168,16.0,0.6925235390663147,18.0,0.32140788435935974,2.9430819447360153e-06,1.2630624603684264e-05,7.183808006212548e-06,2.7652999895549636e-06,1.278935575394896e-05,6.746535691546598e-06,3.956675945155337e-05,1.5662196565052436e-05,8.33681895219278e-06,1.2804098135858719e-05,1.0792105656184647e-05
1,-1225000.0,False,4,b1762_00000,2025-08-11_18-24-28,1754929468,10.761495113372803,44.65830397605896,10959,Mac,127.0.0.1,44.65830397605896,4,12.013406190815182,8.352096009068189e-06,12.013180860108356,2.257102077904133,9.5580858480239,0.0019267372846115615,250.0,20,3.347689951502698e-05,20,0.039283875314805865,5000.0,10.36823839457432,4.490178029322499e-05,-61250.0,-0.58,0.00594599674623212,1.4641071328638545e-05,20.0,9.5,0.005525502626318484,-1225000.0,3.0,-10.5,10.36823839457432,3109.782086024848,5000.0,5250.0,"[array([[0.16673838, 0.1667579 , 0.16661812, 0.16663761, 0.16665713,
        0.16659088],
       [0.16672972, 0.16674688, 0.16662396, 0.16664113, 0.16665828,
        0.16660002],
       [0.16679169, 0.16682574, 0.16658202, 0.16661601, 0.16665001,
        0.16653454],
       [0.16678303, 0.16681473, 0.16658786, 0.16661952, 0.16665117,
        0.16654368],
       [0.16677439, 0.16680372, 0.16659372, 0.16662301, 0.16665232,
        0.16655281],
       [0.16680376, 0.1668411 , 0.16657382, 0.1666111 , 0.1666484 ,
        0.16652177]], dtype=float32), array([[0.16643809, 0.16655038, 0.1667412 , 0.16676204, 0.16661283,
        0.1668954 ],
       [0.16657747, 0.1666213 , 0.16669579, 0.16670391, 0.16664569,
        0.16675591],
       [0.16681425, 0.16674168, 0.16661851, 0.16660509, 0.16670135,
        0.16651917],
       [0.16684009, 0.1667548 , 0.16661006, 0.16659428, 0.1667074 ,
        0.16649333],
       [0.16665496, 0.16666071, 0.16667049, 0.16667154, 0.1666639 ,
        0.16667837],
       [0.16700551, 0.16683878, 0.16655606, 0.16652524, 0.16674617,
        0.1663282 ]], dtype=float32), array([[0.16606411, 0.16692936, 0.16719481, 0.16662672, 0.16667579,
        0.1665092 ],
       [0.16657412, 0.166707  , 0.16674763, 0.16666058, 0.1666681 ,
        0.16664253],
       [0.16673027, 0.16663897, 0.16661106, 0.16667084, 0.16666567,
        0.16668324],
       [0.16639592, 0.16678467, 0.16690372, 0.16664882, 0.16667086,
        0.16659604],
       [0.16642483, 0.16677208, 0.16687839, 0.16665074, 0.16667043,
        0.16660358],
       [0.16632667, 0.16681488, 0.16696443, 0.16664423, 0.16667192,
        0.16657794]], dtype=float32), array([[0.1665203 , 0.16672136, 0.16668332, 0.16669452, 0.16675498,
        0.16662548],
       [0.16707304, 0.16651487, 0.1666203 , 0.16658926, 0.1664218 ,
        0.16678073],
       [0.16696839, 0.16655394, 0.16663226, 0.1666092 , 0.1664848 ,
        0.16675138],
       [0.1669992 , 0.16654246, 0.16662875, 0.16660334, 0.16646627,
        0.16676003],
       [0.16716552, 0.16648035, 0.16660973, 0.16657162, 0.16636615,
        0.16680662],
       [0.1668094 , 0.16661334, 0.16665041, 0.1666395 , 0.16658062,
        0.16670677]], dtype=float32), array([[0.16596168, 0.16682641, 0.16647492, 0.16652395, 0.1671901 ,
        0.167023  ],
       [0.16655838, 0.16669124, 0.1666373 , 0.16664483, 0.16674694,
        0.16672136],
       [0.16631605, 0.16674617, 0.16657147, 0.16659585, 0.16692674,
        0.1668438 ],
       [0.16634986, 0.16673851, 0.16658066, 0.16660269, 0.16690163,
        0.16682671],
       [0.16680883, 0.1666344 , 0.16670516, 0.16669528, 0.16656137,
        0.1665949 ],
       [0.16669379, 0.16666052, 0.16667402, 0.16667213, 0.16664657,
        0.16665298]], dtype=float32), array([[0.16652526, 0.16663758, 0.16682853, 0.1665877 , 0.16670008,
        0.16672091],
       [0.16661148, 0.16665533, 0.16672982, 0.16663586, 0.16667971,
        0.16668785],
       [0.16675796, 0.1666854 , 0.16656229, 0.16671762, 0.1666451 ,
        0.16663165],
       [0.16657317, 0.16664743, 0.16677363, 0.16661446, 0.16668874,
        0.16670252],
       [0.16665943, 0.16666518, 0.16667496, 0.16666263, 0.16666839,
        0.16666946],
       [0.1666754 , 0.16666846, 0.16665667, 0.16667154, 0.1666646 ,
        0.16666332]], dtype=float32)]",1,0,0,0,0,0,41.35333333333334,78.37333333333332,6.268818346182105e-05,0.0001234978755819923,-1225000.0,-1225000.0,-0.58,5000.0,5000.0,-0.58,0.1554583213768796,23940,998.6769017198101,41.72026824951172,5985,16595,0.24834950268268585,0.0,1.0,7.340065349126235e-05,4.0,0.320527046918869,0.010098995640873909,4.6193599700927734e-05,-0.00029106985311955214,0.6919918656349182,0.0015431216992,654.9168390087513,23940,998.6769017198101,0.0015431216992,0.0,5985,8266,0.0,1.0,0.0002715581955,4.0,654.9283392562897,144000,36000,47880,0,11970,24861,3943.9747835267162,28119887.303850822,12882364.21606487,2.95,0.1230828182549189,1.39429423329216e-05,13.5,-14.5,20,10.368237912813044,80,20.0,20400,0.005367163989285472,20,4.0,20,3.0206027836978004e-05,400,0.0005626148128395433,10.368237912813044,400,5.828747426060823e-05,400,0.00011245842268980518,1600,1600,2.95,2.95,2.8109064553743897e-06,2.9063502178981344e-06,1.3123317372878018e-05,1.3296754175586744e-05,7.349532871651961e-06,8.196484042422595e-06,1.0868713193164688e-05,1.204128692770251e-05,6.767113857768149e-06,4.200710042537443e-05,1.601709980380892e-05,0.010840315472577581,0.0008790412091288016,0.041945115559390275,0.0905066063266655,0.0035656420695834097,0.007481115974308573,7.087503645347896e-05,864000,216000,287280,71820,56522.16020124759,24.0,143640,997.847060245087,35910,0.0,21.0,-0.00028507670504041016,143640,997.847060245087,41.735267639160156,35910,0.2489255,1.0,7.13106055627577e-05,0.0005940794944763184,21.0,0.6920000910758972,24.0,0.32124581933021545,2.8141567015772543e-06,1.1828976314919137e-05,6.737813989777912e-06,2.677395768561948e-06,1.229056167363512e-05,6.41419243723169e-06,3.523803105837316e-05,1.468172631153042e-05,7.898515319785704e-06,1.1926454008678175e-05,1.0342017114537305e-05
1,-1842500.0,False,5,b1762_00000,2025-08-11_18-24-39,1754929479,10.683617115020752,55.34192109107971,10959,Mac,127.0.0.1,55.34192109107971,5,11.998845398906617,8.322325167218222e-06,11.998619765666676,2.250266586715257,9.550279600373898,0.0019246557515898244,250.0,20,3.251752924795774e-05,20,0.037347872414569376,5000.0,10.36823839457432,4.200515996067011e-05,-92125.0,-0.4200000000000001,0.005775084425464053,1.4075635763503535e-05,20.0,9.5,0.005399212357588112,-1842500.0,4.0,-10.5,10.36823839457432,3184.8914611621444,5000.0,5250.0,"[array([[0.16606393, 0.16631302, 0.16719462, 0.16724385, 0.1666756 ,
        0.166509  ],
       [0.166211  , 0.1663994 , 0.16706567, 0.16710284, 0.16667353,
        0.16654758],
       [0.16673025, 0.16670392, 0.16661105, 0.16660587, 0.16666566,
        0.16668323],
       [0.1667592 , 0.16672087, 0.16658574, 0.16657822, 0.1666652 ,
        0.16669075],
       [0.1664248 , 0.16652487, 0.16687836, 0.16689807, 0.1666704 ,
        0.16660355],
       [0.1663266 , 0.16646726, 0.16696435, 0.16699208, 0.16667184,
        0.16657786]], dtype=float32), array([[0.16667113, 0.16662401, 0.16665366, 0.16675463, 0.16670749,
        0.1665891 ],
       [0.16667758, 0.16656195, 0.16663472, 0.16688262, 0.16676685,
        0.1664763 ],
       [0.16667353, 0.16660102, 0.16664664, 0.16680206, 0.1667295 ,
        0.16654728],
       [0.16665961, 0.1667339 , 0.16668713, 0.16652803, 0.16660228,
        0.16678901],
       [0.1666661 , 0.16667187, 0.16666825, 0.16665591, 0.16666166,
        0.16667613],
       [0.16668235, 0.16651595, 0.16662066, 0.16697754, 0.16681084,
        0.16639273]], dtype=float32), array([[0.16606385, 0.16631295, 0.16657741, 0.16724378, 0.16729303,
        0.16650893],
       [0.16621095, 0.16639936, 0.16659932, 0.1671028 , 0.16713999,
        0.16654755],
       [0.16636695, 0.16649093, 0.16662246, 0.1669534 , 0.16697784,
        0.16658841],
       [0.1667592 , 0.16672087, 0.16668025, 0.16657822, 0.1665707 ,
        0.16669075],
       [0.16678813, 0.16673781, 0.16668448, 0.16655056, 0.1665407 ,
        0.16669828],
       [0.16632658, 0.16646725, 0.16661648, 0.16699207, 0.1670198 ,
        0.16657785]], dtype=float32), array([[0.16652526, 0.16663758, 0.16682853, 0.1665877 , 0.16670008,
        0.16672091],
       [0.16661148, 0.16665533, 0.16672982, 0.16663586, 0.16667971,
        0.16668785],
       [0.16675796, 0.1666854 , 0.16656229, 0.16671762, 0.1666451 ,
        0.16663165],
       [0.16657317, 0.16664743, 0.16677363, 0.16661446, 0.16668874,
        0.16670252],
       [0.16665943, 0.16666518, 0.16667496, 0.16666263, 0.16666839,
        0.16666946],
       [0.1666754 , 0.16666846, 0.16665667, 0.16667154, 0.1666646 ,
        0.16666332]], dtype=float32), array([[0.16596143, 0.16621037, 0.16709143, 0.16714063, 0.16718985,
        0.16640624],
       [0.16613348, 0.1663218 , 0.16698776, 0.16702491, 0.16706209,
        0.16646993],
       [0.16674109, 0.16671476, 0.16662188, 0.16661671, 0.16661154,
        0.16669406],
       [0.16677496, 0.16673663, 0.1666015 , 0.16659397, 0.16658644,
        0.16670652],
       [0.16680883, 0.1667585 , 0.16658111, 0.16657123, 0.16656137,
        0.16671897],
       [0.16626874, 0.16640936, 0.16690627, 0.16693398, 0.16696171,
        0.16651992]], dtype=float32), array([[0.16656883, 0.1666812 , 0.16661046, 0.16663128, 0.1667437 ,
        0.16676454],
       [0.16662848, 0.16667233, 0.16664474, 0.16665286, 0.16669673,
        0.16670485],
       [0.16659093, 0.1666779 , 0.16662316, 0.16663928, 0.16672629,
        0.16674241],
       [0.166602  , 0.16667627, 0.16662951, 0.16664329, 0.16671759,
        0.16673136],
       [0.16666165, 0.16666742, 0.1666638 , 0.16666485, 0.16667062,
        0.16667168],
       [0.1666727 , 0.16666576, 0.16667013, 0.16666885, 0.1666619 ,
        0.16666062]], dtype=float32)]",1,0,0,0,0,0,40.58666666666667,78.28,6.133797811784717e-05,0.00012073712062270447,-1842500.0,-1842500.0,-0.4200000000000001,5000.0,5000.0,-0.4200000000000001,0.15543838774266372,29925,998.6075885025957,43.33749008178711,5985,16595,0.24824121594429016,0.0,1.0,2.089373447233811e-05,5.0,0.3205212354660034,0.0050494978204369545,-0.0004898309707641602,-0.00039421633118763566,0.6915934681892395,0.0015431216992,654.1853047609048,29925,998.6075885025957,0.0015431216992,0.0,5985,8266,0.0,1.0,0.0002715581955,5.0,654.1961942800226,180000,36000,59850,0,11970,24861,3939.432610502113,27355911.49760473,12823548.04753572,2.45,0.12298781091192379,1.3947496089702577e-05,13.5,-14.5,20,10.368238387501162,100,20.0,25400,0.0053286420309450475,20,5.0,20,3.088291091236905e-05,400,0.0005604874142857943,10.368238387501162,400,5.885140186357681e-05,400,0.00011288421899346721,2000,2000,2.45,2.45,2.7571415851113e-06,2.8453458505027363e-06,1.270457106119716e-05,1.2785604441762438e-05,7.296812662896474e-06,7.988411873515322e-06,1.0446929002658387e-05,1.1843656961716929e-05,6.677544444843961e-06,4.0959428011143494e-05,1.562576161230291e-05,0.010820187317140647,0.0008788862178553955,0.041952165233431565,0.09049820942280937,0.003566063148277224,0.007483036483816363,7.081336668548056e-05,1080000,216000,359100,71820,55689.04349816637,30.0,179550,997.7394089995611,35910,0.0,26.0,-0.00036411042674444616,179550,997.7394089995611,43.20748519897461,35910,0.24874216,1.0,1.800050631572958e-05,0.0007210373878479004,26.0,0.6916189789772034,30.0,0.32112225890159607,2.841032496920432e-06,1.1857113988524977e-05,6.957328704016534e-06,2.6703008301835244e-06,1.2375443415716204e-05,6.457969846007359e-06,3.55122370372569e-05,1.4813884278377585e-05,7.909869875684755e-06,1.1960778508176867e-05,1.023031734893462e-05
1,-2460000.0,False,6,b1762_00000,2025-08-11_18-24-50,1754929490,11.071326971054077,66.41324806213379,10959,Mac,127.0.0.1,66.41324806213379,6,11.988313568667126,8.32868234153865e-06,11.988080545510348,2.251484708348601,9.538464331460236,0.0019145237838489072,250.0,20,5.211935667405486e-05,20,0.03739096100270599,5000.0,10.36823839457432,0.00010598584116690231,-123000.0,0.3,0.008413371076865676,2.2673178585256234e-05,20.0,9.5,0.008160360510926695,-2460000.0,5.0,-10.5,10.36823839457432,2698.9498029129363,5000.0,5250.0,"[array([[0.16661583, 0.16663532, 0.16674063, 0.16676015, 0.16653463,
        0.16671337],
       [0.16662197, 0.16663912, 0.16673172, 0.16674888, 0.16655056,
        0.16670775],
       [0.16665506, 0.16665952, 0.16668357, 0.16668802, 0.16663651,
        0.16667734],
       [0.16666119, 0.16666327, 0.16667463, 0.16667673, 0.16665243,
        0.1666717 ],
       [0.16659029, 0.16661958, 0.16677779, 0.16680712, 0.16646835,
        0.16673683],
       [0.16664648, 0.16665423, 0.16669603, 0.16670376, 0.16661426,
        0.1666852 ]], dtype=float32), array([[0.16643807, 0.16681197, 0.16647968, 0.16676202, 0.16687453,
        0.16663362],
       [0.16690205, 0.1665171 , 0.16685912, 0.16656841, 0.16645285,
        0.1667005 ],
       [0.16648974, 0.16677916, 0.16652195, 0.1667405 , 0.16682756,
        0.16664113],
       [0.16684009, 0.16655646, 0.16680847, 0.16659428, 0.1665091 ,
        0.1666916 ],
       [0.16697963, 0.1664678 , 0.16692254, 0.16653602, 0.16638245,
        0.1667116 ],
       [0.1666808 , 0.16665769, 0.16667822, 0.16666077, 0.16665383,
