num_training_step_calls_per_iteration,num_env_steps_sampled_lifetime,done,training_iteration,trial_id,date,timestamp,time_this_iter_s,time_total_s,pid,hostname,node_ip,time_since_restore,iterations_since_restore,timers/training_iteration,timers/restore_env_runners,timers/training_step,timers/env_runner_sampling_timer,timers/learner_update_timer,timers/synch_weights,env_runners/env_to_module_sum_episodes_length_out,env_runners/num_env_steps_sampled,env_runners/episode_return_max,env_runners/env_reset_timer,env_runners/episode_duration_sec_mean,env_runners/sample,env_runners/time_between_sampling,env_runners/weights_seq_no,env_runners/num_episodes_lifetime,env_runners/episode_len_min,env_runners/env_to_module_sum_episodes_length_in,env_runners/num_episodes,env_runners/episode_return_mean,env_runners/episode_len_max,env_runners/env_step_timer,env_runners/num_env_steps_sampled_lifetime,env_runners/episode_len_mean,env_runners/rlmodule_inference_timer,env_runners/episode_return_min,env_runners/num_env_steps_sampled_lifetime_throughput,__all_modules__/learner_connector_sum_episodes_length_in,__all_modules__/learner_connector_sum_episodes_length_out,learners/IntrinsicAttentionMask,evaluation/num_healthy_workers,evaluation/actor_manager_num_outstanding_async_reqs,evaluation/num_remote_worker_restarts,fault_tolerance/num_healthy_workers,fault_tolerance/num_remote_worker_restarts,env_runner_group/actor_manager_num_outstanding_async_reqs,perf/cpu_util_percent,perf/ram_util_percent,env_runners/module_to_env_connector/connector_pipeline_timer,env_runners/env_to_module_connector/connector_pipeline_timer,env_runners/agent_episode_returns_mean/default_agent,env_runners/module_episode_returns_mean/default_policy,env_runners/num_module_steps_sampled_lifetime/default_policy,env_runners/num_agent_steps_sampled/default_agent,env_runners/num_agent_steps_sampled_lifetime/default_agent,env_runners/num_module_steps_sampled/default_policy,__all_modules__/learner_connector/connector_pipeline_timer,learners/default_policy/curr_entropy_coeff,learners/default_policy/vf_loss,learners/default_policy/mean_kl_loss,learners/default_policy/num_module_steps_trained_lifetime,learners/default_policy/module_train_batch_size_mean,learners/default_policy/weights_seq_no,learners/default_policy/num_module_steps_trained,learners/default_policy/diff_num_grad_updates_vs_sampler_policy,learners/default_policy/num_trainable_parameters,learners/default_policy/use_intrinsic_rewards,learners/default_policy/entropy,learners/default_policy/vf_loss_unclipped,learners/default_policy/vf_explained_var,learners/default_policy/curr_kl_coeff,learners/default_policy/policy_loss,learners/default_policy/total_loss,learners/default_policy/num_module_steps_trained_lifetime_throughput,learners/intrinsic_reward_module/default_optimizer_learning_rate,learners/intrinsic_reward_module/total_loss,learners/intrinsic_reward_module/gradients_default_optimizer_global_norm,learners/intrinsic_reward_module/module_train_batch_size_mean,learners/intrinsic_reward_module/weights_seq_no,learners/intrinsic_reward_module/num_module_steps_trained,learners/intrinsic_reward_module/num_module_steps_trained_lifetime,learners/intrinsic_reward_module/diff_num_grad_updates_vs_sampler_policy,learners/intrinsic_reward_module/num_trainable_parameters,learners/intrinsic_reward_module/curr_entropy_coeff,learners/intrinsic_reward_module/num_module_steps_trained_lifetime_throughput,learners/__all_modules__/num_env_steps_trained_lifetime,learners/__all_modules__/num_non_trainable_parameters,learners/__all_modules__/num_env_steps_trained,learners/__all_modules__/num_module_steps_trained,learners/__all_modules__/num_module_steps_trained_lifetime,learners/__all_modules__/num_trainable_parameters,learners/__all_modules__/num_env_steps_trained_lifetime_throughput,learners/__all_modules__/num_module_steps_trained_throughput,learners/__all_modules__/num_module_steps_trained_lifetime_throughput,evaluation/env_runners/episode_return_max,evaluation/env_runners/env_reset_timer,evaluation/env_runners/episode_duration_sec_mean,evaluation/env_runners/sample,evaluation/env_runners/env_to_module_sum_episodes_length_in,evaluation/env_runners/num_episodes,evaluation/env_runners/episode_return_mean,evaluation/env_runners/env_to_module_sum_episodes_length_out,evaluation/env_runners/num_env_steps_sampled,evaluation/env_runners/weights_seq_no,evaluation/env_runners/episode_len_max,evaluation/env_runners/episode_return_min,evaluation/env_runners/episode_len_mean,evaluation/env_runners/num_episodes_lifetime,evaluation/env_runners/episode_len_min,evaluation/env_runners/env_step_timer,evaluation/env_runners/num_env_steps_sampled_lifetime,evaluation/env_runners/rlmodule_inference_timer,evaluation/env_runners/env_to_module_connector/connector_pipeline_timer,evaluation/env_runners/num_agent_steps_sampled/default_agent,evaluation/env_runners/num_module_steps_sampled/default_policy,evaluation/env_runners/module_to_env_connector/connector_pipeline_timer,evaluation/env_runners/module_episode_returns_mean/default_policy,evaluation/env_runners/num_module_steps_sampled_lifetime/default_policy,evaluation/env_runners/agent_episode_returns_mean/default_agent,evaluation/env_runners/num_agent_steps_sampled_lifetime/default_agent,env_runners/module_to_env_connector/timers/connectors/get_actions,env_runners/module_to_env_connector/timers/connectors/listify_data_for_vector_env,env_runners/module_to_env_connector/timers/connectors/tensor_to_numpy,env_runners/module_to_env_connector/timers/connectors/un_batch_to_individual_items,env_runners/module_to_env_connector/timers/connectors/remove_single_ts_time_rank_from_batch,env_runners/module_to_env_connector/timers/connectors/normalize_and_clip_actions,env_runners/env_to_module_connector/timers/connectors/add_states_from_episodes_to_batch,env_runners/env_to_module_connector/timers/connectors/numpy_to_tensor,env_runners/env_to_module_connector/timers/connectors/batch_individual_items,env_runners/env_to_module_connector/timers/connectors/add_observations_from_episodes_to_batch,env_runners/env_to_module_connector/timers/connectors/add_time_dim_to_batch_and_zero_pad,__all_modules__/learner_connector/timers/connectors/add_one_ts_to_episodes_and_truncate,__all_modules__/learner_connector/timers/connectors/add_observations_from_episodes_to_batch,__all_modules__/learner_connector/timers/connectors/add_columns_from_episodes_to_train_batch,__all_modules__/learner_connector/timers/connectors/add_time_dim_to_batch_and_zero_pad,__all_modules__/learner_connector/timers/connectors/add_states_from_episodes_to_batch,__all_modules__/learner_connector/timers/connectors/batch_individual_items,__all_modules__/learner_connector/timers/connectors/numpy_to_tensor,learners/differentiable_learners/intrinsic_attention_ppo_learner/intrinsic_reward_module/diff_num_grad_updates_vs_sampler_policy,learners/differentiable_learners/intrinsic_attention_ppo_learner/intrinsic_reward_module/module_train_batch_size_mean,learners/differentiable_learners/intrinsic_attention_ppo_learner/intrinsic_reward_module/total_loss,learners/differentiable_learners/intrinsic_attention_ppo_learner/intrinsic_reward_module/weights_seq_no,learners/differentiable_learners/intrinsic_attention_ppo_learner/intrinsic_reward_module/num_module_steps_trained,learners/differentiable_learners/intrinsic_attention_ppo_learner/intrinsic_reward_module/num_module_steps_trained_lifetime,learners/differentiable_learners/intrinsic_attention_ppo_learner/default_policy/module_train_batch_size_mean,learners/differentiable_learners/intrinsic_attention_ppo_learner/default_policy/mean_kl_loss,learners/differentiable_learners/intrinsic_attention_ppo_learner/default_policy/weights_seq_no,learners/differentiable_learners/intrinsic_attention_ppo_learner/default_policy/num_module_steps_trained,learners/differentiable_learners/intrinsic_attention_ppo_learner/default_policy/num_module_steps_trained_lifetime,learners/differentiable_learners/intrinsic_attention_ppo_learner/default_policy/diff_num_grad_updates_vs_sampler_policy,learners/differentiable_learners/intrinsic_attention_ppo_learner/default_policy/use_intrinsic_rewards,learners/differentiable_learners/intrinsic_attention_ppo_learner/default_policy/entropy,learners/differentiable_learners/intrinsic_attention_ppo_learner/default_policy/vf_loss_unclipped,learners/differentiable_learners/intrinsic_attention_ppo_learner/default_policy/vf_explained_var,learners/differentiable_learners/intrinsic_attention_ppo_learner/default_policy/policy_loss,learners/differentiable_learners/intrinsic_attention_ppo_learner/default_policy/total_loss,learners/differentiable_learners/intrinsic_attention_ppo_learner/default_policy/vf_loss,learners/differentiable_learners/intrinsic_attention_ppo_learner/__all_modules__/num_module_steps_trained,learners/differentiable_learners/intrinsic_attention_ppo_learner/__all_modules__/num_module_steps_trained_lifetime,learners/differentiable_learners/intrinsic_attention_ppo_learner/__all_modules__/num_env_steps_trained_lifetime,learners/differentiable_learners/intrinsic_attention_ppo_learner/__all_modules__/num_env_steps_trained,learners/differentiable_learners/intrinsic_attention_ppo_learner/__all_modules__/num_env_steps_trained_lifetime_throughput,evaluation/env_runners/env_to_module_connector/timers/connectors/numpy_to_tensor,evaluation/env_runners/env_to_module_connector/timers/connectors/batch_individual_items,evaluation/env_runners/env_to_module_connector/timers/connectors/add_time_dim_to_batch_and_zero_pad,evaluation/env_runners/env_to_module_connector/timers/connectors/add_observations_from_episodes_to_batch,evaluation/env_runners/env_to_module_connector/timers/connectors/add_states_from_episodes_to_batch,evaluation/env_runners/module_to_env_connector/timers/connectors/remove_single_ts_time_rank_from_batch,evaluation/env_runners/module_to_env_connector/timers/connectors/normalize_and_clip_actions,evaluation/env_runners/module_to_env_connector/timers/connectors/get_actions,evaluation/env_runners/module_to_env_connector/timers/connectors/listify_data_for_vector_env,evaluation/env_runners/module_to_env_connector/timers/connectors/un_batch_to_individual_items,evaluation/env_runners/module_to_env_connector/timers/connectors/tensor_to_numpy
1,627500.0,False,1,b19cd_00000,2025-08-11_18-40-02,1754930402,9.257114887237549,9.257114887237549,11628,Mac,127.0.0.1,9.257114887237549,1,9.127641916973516,9.582960046827793e-06,9.127521750051528,1.6722724169958383,7.283565874909982,0.0008185419719666243,10.191744832559449,5000.0,10.5,8.03933738176477e-05,0.005415719143580645,0.006403455493759347,0.0006650154984669188,0.0,31375.0,20,10.191744832559449,250.0,2.899999999999998,20,1.535331172293049e-05,627500.0,20.0,3.562015970530974e-05,-9.5,3053.778891423689,5000,5250,"[array([[0.09125632, 0.09054308, 0.09098507, 0.09083761, 0.09079337,
        0.09064623, 0.09091521, 0.09111464, 0.09096698, 0.09092267,
        0.09101877],
       [0.0915868 , 0.09019664, 0.09105689, 0.09076945, 0.09068329,
        0.09039703, 0.09092066, 0.09130984, 0.0910216 , 0.09093519,
        0.09112265],
       [0.0913816 , 0.09041154, 0.09101236, 0.0908118 , 0.09075163,
        0.09055165, 0.09091733, 0.09118869, 0.09098774, 0.09092747,
        0.09105822],
       [0.09144991, 0.09033991, 0.0910272 , 0.09079771, 0.09072888,
        0.09050013, 0.09091844, 0.09122904, 0.09099903, 0.09093005,
        0.09107969],
       [0.09147044, 0.09031841, 0.09103166, 0.09079347, 0.09072204,
        0.09048466, 0.09091878, 0.09124116, 0.09100242, 0.09093083,
        0.09108613],
       [0.09153879, 0.09024685, 0.09104649, 0.09077936, 0.09069928,
        0.09043317, 0.09091989, 0.09128151, 0.09101369, 0.0909334 ,
        0.0911076 ],
       [0.09141394, 0.09037761, 0.09101939, 0.09080512, 0.09074086,
        0.09052725, 0.09091786, 0.0912078 , 0.09099308, 0.09092869,
        0.09106838],
       [0.0913217 , 0.09047441, 0.09099933, 0.09082415, 0.09077159,
        0.09059686, 0.09091632, 0.0911533 , 0.09097783, 0.09092519,
        0.09103937],
       [0.09138997, 0.09040275, 0.09101418, 0.09081006, 0.09074884,
        0.09054533, 0.09091745, 0.09119363, 0.09098912, 0.09092778,
        0.09106085],
       [0.0914105 , 0.09038124, 0.09101864, 0.09080584, 0.09074201,
        0.09052986, 0.0909178 , 0.09120576, 0.09099252, 0.09092856,
        0.0910673 ],
       [0.091366  , 0.09042789, 0.09100895, 0.090815  , 0.09075683,
        0.0905634 , 0.09091706, 0.09117947, 0.09098515, 0.09092686,
        0.0910533 ]], dtype=float32), array([[0.09072952, 0.09050171, 0.09060218, 0.09081092, 0.09058291,
        0.09068347, 0.09071057, 0.09091957, 0.09269334, 0.0908829 ,
        0.0908829 ],
       [0.09067943, 0.09038906, 0.09051709, 0.09078323, 0.09049252,
        0.0906207 , 0.09065527, 0.09092182, 0.09319083, 0.09087504,
        0.09087504],
       [0.09070157, 0.09043879, 0.09055466, 0.09079548, 0.09053243,
        0.09064843, 0.09067971, 0.09092085, 0.09297098, 0.09087855,
        0.09087855],
       [0.09074733, 0.09054186, 0.09063248, 0.09082074, 0.0906151 ,
        0.0907058 , 0.09073024, 0.0909187 , 0.09251647, 0.09088564,
        0.09088564],
       [0.09069733, 0.09042925, 0.09054746, 0.09079313, 0.09052479,
        0.09064312, 0.09067503, 0.09092104, 0.09301311, 0.09087788,
        0.09087788],
       [0.09071942, 0.09047896, 0.09058501, 0.09080534, 0.09056466,
        0.0906708 , 0.09069942, 0.09092004, 0.09279363, 0.09088133,
        0.09088133],
       [0.09072538, 0.09049236, 0.09059512, 0.09080864, 0.0905754 ,
        0.09067827, 0.090706  , 0.09091977, 0.09273459, 0.09088226,
        0.09088226],
       [0.09077103, 0.09059536, 0.09067285, 0.09083377, 0.09065799,
        0.09073552, 0.09075642, 0.09091749, 0.0922811 , 0.09088924,
        0.09088924],
       [0.0911461 , 0.0914557 , 0.09131894, 0.09103593, 0.09134515,
        0.09120855, 0.09117179, 0.09088923, 0.08855122, 0.09093869,
        0.09093869],
       [0.09076303, 0.09057731, 0.09065923, 0.09082937, 0.09064352,
        0.0907255 , 0.09074759, 0.0909179 , 0.09236044, 0.09088802,
        0.09088802],
       [0.09076303, 0.09057731, 0.09065923, 0.09082937, 0.09064352,
        0.0907255 , 0.09074759, 0.0909179 , 0.09236044, 0.09088802,
        0.09088802]], dtype=float32), array([[0.09068716, 0.0908141 , 0.09107795, 0.09056083, 0.09114662,
        0.09095109, 0.09066328, 0.09124973, 0.09105398, 0.09099525,
        0.09080005],
       [0.09070858, 0.09082329, 0.09106166, 0.09059442, 0.09112369,
        0.09094705, 0.090687  , 0.09121681, 0.09104   , 0.09098695,
        0.09081059],
       [0.090753  , 0.09084232, 0.09102786, 0.09066408, 0.09107612,
        0.09093867, 0.0907362 , 0.09114856, 0.091011  , 0.09096972,
        0.09083243],
       [0.0906658 , 0.09080493, 0.09109419, 0.09052738, 0.09116948,
        0.0909551 , 0.09063964, 0.09128253, 0.0910679 , 0.09100352,
        0.09078953],
       [0.09076455, 0.09084727, 0.09101909, 0.0906822 , 0.09106377,
        0.0909365 , 0.09074899, 0.09113084, 0.09100347, 0.09096525,
        0.09083812],
       [0.09073167, 0.09083318, 0.0910441 , 0.09063061, 0.09109897,
        0.0909427 , 0.09071256, 0.09118135, 0.09102494, 0.090978  ,
        0.09082194],
       [0.09068312, 0.09081237, 0.09108102, 0.09055452, 0.09115094,
        0.09095185, 0.09065881, 0.09125593, 0.0910566 , 0.09099682,
        0.09079807],
       [0.09078186, 0.09085468, 0.0910059 , 0.09070935, 0.09104522,
        0.09093322, 0.09076816, 0.09110425, 0.09099217, 0.09095853,
        0.09084662],
       [0.09074898, 0.0908406 , 0.09103093, 0.09065777, 0.09108043,
        0.09093944, 0.09073174, 0.09115475, 0.09101364, 0.09097129,
        0.09083046],
       [0.09073909, 0.09083636, 0.09103844, 0.09064227, 0.09109101,
        0.0909413 , 0.09072079, 0.09116992, 0.09102008, 0.09097512,
        0.09082559],
       [0.09070621, 0.09082226, 0.09106347, 0.09059071, 0.09112623,
        0.09094751, 0.09068438, 0.09122045, 0.09104155, 0.09098788,
        0.09080943]], dtype=float32), array([[0.09082269, 0.09059464, 0.09069522, 0.09090417, 0.09067592,
        0.09052159, 0.09080372, 0.09075727, 0.09252788, 0.09072067,
        0.09097622],
       [0.09079834, 0.09050759, 0.09063579, 0.09090228, 0.09061119,
        0.09041449, 0.09077415, 0.09071492, 0.09297877, 0.09066825,
        0.09099421],
       [0.09080912, 0.09054603, 0.09066204, 0.09090314, 0.09063978,
        0.09046177, 0.09078723, 0.09073363, 0.09277954, 0.09069141,
        0.0909863 ],
       [0.09083132, 0.09062565, 0.09071636, 0.09090479, 0.09069896,
        0.09055977, 0.09081421, 0.09077233, 0.09236752, 0.09073932,
        0.09096976],
       [0.09080706, 0.09053866, 0.09065701, 0.09090298, 0.0906343 ,
        0.0904527 , 0.09078473, 0.09073004, 0.09281772, 0.09068697,
        0.09098782],
       [0.09079047, 0.09047962, 0.09061668, 0.09090161, 0.09059038,
        0.09038009, 0.09076461, 0.09070127, 0.09312386, 0.09065138,
        0.09099993],
       [0.09082068, 0.09058742, 0.09069029, 0.09090403, 0.09067056,
        0.0905127 , 0.09080128, 0.09075376, 0.09256527, 0.09071632,
        0.09097773],
       [0.09081574, 0.0905697 , 0.0906782 , 0.09090365, 0.09065739,
        0.0904909 , 0.09079527, 0.09074515, 0.09265691, 0.09070567,
        0.0909814 ],
       [0.09099586, 0.09123415, 0.09112891, 0.09091102, 0.09114908,
        0.09131074, 0.09101564, 0.0910641 , 0.08925208, 0.09110231,
        0.09083612],
       [0.09081183, 0.09055574, 0.09066868, 0.09090336, 0.090647  ,
        0.09047373, 0.09079053, 0.09073836, 0.09272921, 0.09069726,
        0.0909843 ],
       [0.09083892, 0.09065304, 0.09073503, 0.09090531, 0.0907193 ,
        0.09059348, 0.09082346, 0.09078561, 0.09222604, 0.09075578,
        0.090964  ]], dtype=float32), array([[0.09132297, 0.09060922, 0.09105153, 0.09066081, 0.09085969,
        0.09095573, 0.09073826, 0.09118119, 0.09078992, 0.09098908,
        0.09084161],
       [0.09171716, 0.09032503, 0.0911865 , 0.09042531, 0.09081237,
        0.09099957, 0.09057594, 0.09143981, 0.09067649, 0.09106463,
        0.09077717],
       [0.09147237, 0.09050135, 0.09110276, 0.09057144, 0.09084178,
        0.09097241, 0.0906767 , 0.09127928, 0.09074692, 0.09101778,
        0.09081721],
       [0.09168852, 0.09034563, 0.09117672, 0.09044239, 0.09081582,
        0.09099641, 0.09058772, 0.09142103, 0.09068473, 0.09105916,
        0.09078186],
       [0.09157833, 0.09042495, 0.09113904, 0.09050813, 0.09082906,
        0.09098419, 0.09063306, 0.09134879, 0.09071644, 0.09103809,
        0.09079988],
       [0.09152525, 0.09046321, 0.09112088, 0.09053984, 0.09083544,
        0.09097829, 0.09065491, 0.09131397, 0.0907317 , 0.09102792,
        0.09080856],
       [0.09164558, 0.09037654, 0.09116204, 0.09046801, 0.09082098,
        0.09099165, 0.09060539, 0.09139288, 0.09069709, 0.09105095,
        0.09078889],
       [0.09140093, 0.0905529 , 0.09107827, 0.09061416, 0.09085035,
        0.09096444, 0.09070612, 0.09123238, 0.09076748, 0.09100407,
        0.09082889],
       [0.09161695, 0.09039715, 0.09115225, 0.09048509, 0.09082442,
        0.09098848, 0.09061716, 0.09137411, 0.09070533, 0.09104548,
        0.09079357],
       [0.09150682, 0.09047648, 0.09111456, 0.09055085, 0.09083764,
        0.09097624, 0.09066249, 0.09130187, 0.090737  , 0.09102438,
        0.09081157],
       [0.09158833, 0.09041775, 0.09114246, 0.09050217, 0.09082786,
        0.0909853 , 0.09062894, 0.09135535, 0.09071356, 0.09104001,
        0.09079825]], dtype=float32), array([[0.09079951, 0.09057152, 0.09067207, 0.09088097, 0.09090814,
        0.09075341, 0.09052554, 0.09073411, 0.09250426, 0.09069751,
        0.09095301],
       [0.09076878, 0.09047812, 0.09060628, 0.09087268, 0.09090734,
        0.09071   , 0.09041952, 0.09068538, 0.0929485 , 0.09063873,
        0.09096458],
       [0.09078237, 0.09051935, 0.09063534, 0.09087636, 0.09090772,
        0.09072918, 0.09046632, 0.09070691, 0.09275221, 0.0906647 ,
        0.0909595 ],
       [0.0908104 , 0.09060478, 0.09069547, 0.09088386, 0.09090836,
        0.09076884, 0.09056331, 0.09075142, 0.09234625, 0.09071843,
        0.09094881],
       [0.09081404, 0.09061588, 0.09070328, 0.09088482, 0.09090842,
        0.09077398, 0.09057591, 0.0907572 , 0.09229364, 0.0907254 ,
        0.0909474 ],
       [0.09079332, 0.09055267, 0.09065879, 0.09087931, 0.09090799,
        0.09074466, 0.09050413, 0.09072427, 0.09259383, 0.09068565,
        0.09095535],
       [0.09076256, 0.09045925, 0.09059298, 0.09087099, 0.09090716,
        0.09070121, 0.09039811, 0.09067552, 0.09303846, 0.09062684,
        0.0909669 ],
       [0.09079072, 0.09054476, 0.09065322, 0.09087861, 0.09090792,
        0.09074098, 0.09049516, 0.09072015, 0.09263138, 0.09068068,
        0.09095634],
       [0.09102012, 0.09125847, 0.0911532 , 0.09093525, 0.09090699,
        0.09106821, 0.09130669, 0.09108837, 0.08927587, 0.0911266 ,
        0.09086034],
       [0.0907858 , 0.09052978, 0.09064268, 0.09087729, 0.09090781,
        0.09073403, 0.09047816, 0.09071235, 0.09270263, 0.09067126,
        0.09095822],
       [0.09082002, 0.09063418, 0.09071615, 0.0908864 , 0.09090853,
        0.09078246, 0.0905967 , 0.09076672, 0.09220686, 0.0907369 ,
        0.09094509]], dtype=float32)]",1,0,0,0,0,0,38.214285714285715,77.8,0.00012974085572418936,6.350773477262423e-05,2.899999999999998,2.899999999999998,627500.0,5000.0,627500.0,5000.0,0.13504695799201727,0.0015431216992,0.35831788182258606,4.290740889700828e-06,5985,997.9705930399,1.0,5985,1.0,16595,0.0,0.6836762428283691,44.22529602050781,0.004030346870422363,0.08079196512699127,-2.2469632313004695e-05,0.2780711352825165,829.5896569340651,0.0002715581955,0.0,0.0,997.9705930399,1.0,5985,5985,1.0,8266,0.0015431216992,829.6062959146988,33000,0,33000,11970,11970,24861,4576.1889197848095,31491796.91808456,13186076.55829014,13.5,0.0005850420566275716,0.005295322852907703,0.11642391700297594,10.216013141322508,20,-0.35,10.216013141322508,400,1.0,20,-13.5,20.0,20,20,1.5170842059548925e-05,5400,3.471147511646793e-05,6.457267780485771e-05,400,400,0.00012427822087856247,-0.35,400,-0.35,400,4.524063078873282e-05,1.1057847518706354e-05,1.6105944210151068e-05,7.417303237272067e-06,1.2497134176640206e-05,1.0375200513029931e-05,2.8411844003810316e-06,1.3523769044638805e-05,1.307217633782144e-05,2.932909135436923e-06,7.163096023518204e-06,0.009062707889825106,0.000887917005456984,0.04193087504245341,0.07520033302716911,0.0035345839569345117,0.004217208013869822,6.254203617572784e-05,6.0,997.8474438281662,0.0,6.0,35910,35910,997.8474438281662,4.407949290907709e-06,6.0,35910,35910,6.0,1.0,0.6836696267127991,44.27152633666992,0.0034554004669189453,-2.0808489352930337e-05,0.27812937,0.3583904504776001,71820,71820,198000,198000,60934.26464834367,1.2419539903492288e-05,1.2806995614772457e-05,8.312798439291487e-06,3.2847320708205917e-06,2.781529942241397e-06,1.2666757653605916e-05,8.813373509544815e-06,4.2878524008019835e-05,1.034587356421e-05,6.704809734645476e-06,1.6498681703761278e-05
1,10000.0,False,2,b19cd_00000,2025-08-11_18-40-12,1754930412,9.457283020019531,18.71439790725708,11628,Mac,127.0.0.1,18.71439790725708,2,9.129749531133566,9.552550036460161e-06,9.12962879047147,1.671668833665317,7.286169463241239,0.0008179198927246034,10.36823839457432,5000.0,10.5,4.399994800093983e-05,0.0052194316890090695,0.005715771691975816,0.02869519697262243,1.0,500.0,20,10.36823839457432,250.0,2.5,20,1.39349403071098e-05,10000.0,20.0,3.0924576481417084e-05,-9.5,3269.7443016817183,5000.0,5250.0,"[array([[0.09127849, 0.09080797, 0.09076374, 0.09061664, 0.09105899,
        0.09066825, 0.09069405, 0.09113678, 0.09098908, 0.09118867,
        0.09079736],
       [0.09150993, 0.09074453, 0.09067271, 0.090434  , 0.09115256,
        0.09051771, 0.09055959, 0.09127915, 0.09103885, 0.09136363,
        0.09072731],
       [0.09153178, 0.09073855, 0.09066413, 0.0904168 , 0.09116139,
        0.09050352, 0.09054691, 0.09129258, 0.09104353, 0.09138014,
        0.0907207 ],
       [0.0916045 , 0.0907186 , 0.09063553, 0.09035951, 0.09119073,
        0.09045628, 0.09050471, 0.09133726, 0.0910591 , 0.09143508,
        0.09069867],
       [0.09138626, 0.09077844, 0.09072135, 0.09053154, 0.0911026 ,
        0.09059811, 0.09063141, 0.09120309, 0.09101228, 0.09127016,
        0.09076475],
       [0.09157898, 0.09072561, 0.09064557, 0.09037962, 0.09118043,
        0.09047286, 0.09051953, 0.09132158, 0.09105365, 0.0914158 ,
        0.0907064 ],
       [0.09156621, 0.0907291 , 0.09065058, 0.09038966, 0.09117528,
        0.09048115, 0.09052692, 0.09131373, 0.09105091, 0.09140616,
        0.09071027],
       [0.09134803, 0.09078892, 0.09073639, 0.09056172, 0.09108714,
        0.09062298, 0.09065363, 0.09117958, 0.09100406, 0.09124126,
        0.09077632],
       [0.09142067, 0.09076902, 0.09070782, 0.0905044 , 0.09111651,
        0.09057574, 0.09061143, 0.09122426, 0.09101968, 0.09129617,
        0.09075433],
       [0.09132254, 0.0907959 , 0.0907464 , 0.09058183, 0.09107682,
        0.09063956, 0.09066843, 0.0911639 , 0.09099857, 0.09122198,
        0.09078402],
       [0.09151518, 0.09074311, 0.09067065, 0.09042988, 0.09115469,
        0.09051431, 0.09055655, 0.09128238, 0.09103998, 0.09136759,
        0.09072573]], dtype=float32), array([[0.09084583, 0.09061772, 0.09071832, 0.09067191, 0.09069902,
        0.09054466, 0.09057172, 0.09103612, 0.09255145, 0.09074378,
        0.0909994 ],
       [0.09082784, 0.09053699, 0.09066524, 0.09060606, 0.09064063,
        0.09044386, 0.09047835, 0.09107061, 0.09300897, 0.0906977 ,
        0.09102377],
       [0.09083581, 0.09057264, 0.09068868, 0.09063515, 0.09066642,
        0.09048835, 0.09051958, 0.09105542, 0.09280681, 0.09071807,
        0.09101304],
       [0.09083214, 0.0905562 , 0.09067787, 0.09062175, 0.09065453,
        0.09046783, 0.09050057, 0.09106243, 0.09289999, 0.09070867,
        0.09101799],
       [0.09083428, 0.0905658 , 0.09068419, 0.09062957, 0.09066147,
        0.09047982, 0.09051167, 0.09105833, 0.09284554, 0.09071416,
        0.0910151 ],
       [0.09082201, 0.09051105, 0.09064815, 0.0905849 , 0.09062184,
        0.09041148, 0.09044836, 0.09108164, 0.0931562 , 0.09068286,
        0.09103154],
       [0.09082417, 0.09052066, 0.09065448, 0.09059273, 0.0906288 ,
        0.09042349, 0.09045947, 0.09107756, 0.09310162, 0.09068836,
        0.09102865],
       [0.09086063, 0.09068479, 0.09076235, 0.09072658, 0.09074748,
        0.09062845, 0.09064933, 0.09100723, 0.09217221, 0.09078198,
        0.09097896],
       [0.09097157, 0.0912098 , 0.09110459, 0.09115309, 0.09112475,
        0.09128637, 0.09125799, 0.09077378, 0.08922826, 0.091078  ,
        0.09081187],
       [0.09083782, 0.09058166, 0.09069462, 0.0906425 , 0.09067294,
        0.09049961, 0.09053   , 0.09105157, 0.09275574, 0.09072321,
        0.09101033],
       [0.09085779, 0.09067188, 0.09075388, 0.09071605, 0.09073815,
        0.09061231, 0.09063438, 0.09101281, 0.09224521, 0.09077463,
        0.09098291]], dtype=float32), array([[0.09068711, 0.09081405, 0.09107791, 0.09056079, 0.09082391,
        0.09095105, 0.09098533, 0.09124968, 0.09073159, 0.09131848,
        0.09079999],
       [0.09070854, 0.09082325, 0.09106163, 0.09059438, 0.09083216,
        0.09094702, 0.090978  , 0.09121678, 0.09074873, 0.09127891,
        0.09081055],
       [0.09075299, 0.09084231, 0.09102784, 0.09066407, 0.09084924,
        0.09093866, 0.09096276, 0.09114854, 0.09078429, 0.09119686,
        0.09083242],
       [0.09066577, 0.09080489, 0.09109414, 0.09052733, 0.0908157 ,
        0.09095506, 0.09099264, 0.09128249, 0.09071451, 0.09135794,
        0.09078949],
       [0.09071022, 0.09082397, 0.09106037, 0.090597  , 0.09083281,
        0.09094672, 0.09097743, 0.09121423, 0.09075008, 0.09127585,
        0.09081138],
       [0.09073164, 0.09083315, 0.09104408, 0.09063059, 0.09084104,
        0.09094268, 0.09097008, 0.09118132, 0.09076721, 0.09123628,
        0.09082192],
       [0.09073741, 0.09083563, 0.09103969, 0.09063964, 0.09084326,
        0.0909416 , 0.0909681 , 0.09117246, 0.09077183, 0.09122562,
        0.09082476],
       [0.09078186, 0.09085467, 0.0910059 , 0.09070936, 0.09086034,
        0.09093322, 0.09095286, 0.09110425, 0.09080739, 0.09114362,
        0.09084662],
       [0.09069463, 0.09081729, 0.09107221, 0.09057257, 0.09082682,
        0.09094965, 0.09098276, 0.09123815, 0.09073761, 0.09130462,
        0.09080371],
       [0.0907934 , 0.09085961, 0.09099711, 0.09072746, 0.09086476,
        0.09093104, 0.09094889, 0.09108653, 0.09081661, 0.09112231,
        0.09085229],
       [0.09070618, 0.09082223, 0.09106343, 0.09059067, 0.09083125,
        0.09094747, 0.09097881, 0.09122042, 0.09074684, 0.09128329,
        0.09080939]], dtype=float32), array([[0.09046179, 0.09083091, 0.09062867, 0.09056801, 0.09060343,
        0.09073508, 0.09043707, 0.09104433, 0.09303246, 0.09066196,
        0.09099629],
       [0.09057877, 0.09085181, 0.09070225, 0.09065737, 0.09068359,
        0.09078095, 0.09056047, 0.09100955, 0.09247438, 0.09072687,
        0.09097405],
       [0.09051476, 0.09084041, 0.090662  , 0.09060849, 0.09063975,
        0.09075588, 0.09049294, 0.09102862, 0.0927795 , 0.09069137,
        0.09098627],
       [0.09049553, 0.09083697, 0.0906499 , 0.09059379, 0.09062657,
        0.09074833, 0.09047265, 0.09103435, 0.09287134, 0.0906807 ,
        0.09098992],
       [0.09050676, 0.09083898, 0.09065697, 0.09060237, 0.09063426,
        0.09075274, 0.09048451, 0.091031  , 0.09281768, 0.09068693,
        0.09098779],
       [0.09054847, 0.09084643, 0.09068321, 0.09063423, 0.09066284,
        0.0907691 , 0.09052851, 0.0910186 , 0.09261877, 0.09071007,
        0.09097985],
       [0.09045394, 0.09082949, 0.09062372, 0.090562  , 0.09059805,
        0.09073199, 0.09042878, 0.09104665, 0.09307003, 0.09065758,
        0.09099777],
       [0.09064609, 0.09086369, 0.09074451, 0.09070874, 0.09072963,
        0.09080723, 0.09063151, 0.09098934, 0.09215409, 0.09076414,
        0.09096107],
       [0.0912625 , 0.09096755, 0.09112889, 0.0911774 , 0.09114905,
        0.09104392, 0.09128233, 0.09079799, 0.08925205, 0.09110229,
        0.0908361 ],
       [0.09052531, 0.09084231, 0.09066864, 0.09061655, 0.09064697,
        0.09076002, 0.09050408, 0.0910255 , 0.09272918, 0.09069723,
        0.09098427],
       [0.09063095, 0.09086103, 0.09073501, 0.09069719, 0.09071928,
        0.09080133, 0.09061553, 0.09099389, 0.09222603, 0.09075576,
        0.090964  ]], dtype=float32), array([[0.0912341 , 0.09052105, 0.09096292, 0.0908155 , 0.09101471,
        0.09086721, 0.09064995, 0.0908488 , 0.09094483, 0.09114433,
        0.09099662],
       [0.09154332, 0.09015382, 0.09101366, 0.09072636, 0.09111471,
        0.09082709, 0.09040426, 0.09079123, 0.09097839, 0.09136781,
        0.09107939],
       [0.09135132, 0.09038158, 0.09098221, 0.0907817 , 0.09105267,
        0.09085202, 0.0905567 , 0.09082699, 0.09095759, 0.09122908,
        0.09102804],
       [0.09141524, 0.09030567, 0.0909927 , 0.09076329, 0.09107334,
        0.09084373, 0.09050591, 0.09081509, 0.09096453, 0.09127528,
        0.09104516],
       [0.0913289 , 0.09040824, 0.09097852, 0.09078818, 0.09104542,
        0.09085494, 0.09057453, 0.09083117, 0.09095516, 0.09121288,
        0.09102204],
       [0.09139281, 0.09033231, 0.09098902, 0.09076975, 0.09106609,
        0.09084664, 0.09052373, 0.09081927, 0.0909621 , 0.09125907,
        0.09103916],
       [0.09148718, 0.09022033, 0.09100448, 0.09074254, 0.09109659,
        0.09083439, 0.09044879, 0.09080169, 0.09097232, 0.09132726,
        0.09106439],
       [0.09140079, 0.09032283, 0.09099033, 0.09076745, 0.09106867,
        0.09084561, 0.09051739, 0.09081779, 0.09096297, 0.09126484,
        0.09104129],
       [0.09135917, 0.09037228, 0.0909835 , 0.09077946, 0.09105521,
        0.09085101, 0.09055047, 0.09082554, 0.09095845, 0.09123476,
        0.09103016],
       [0.09127286, 0.0904749 , 0.0909693 , 0.09080433, 0.09102727,
        0.09086219, 0.09061911, 0.0908416 , 0.09094906, 0.09117236,
        0.09100702],
       [0.09133675, 0.09039894, 0.09097982, 0.09078593, 0.09104796,
        0.09085393, 0.09056831, 0.09082972, 0.09095602, 0.09121855,
        0.09102415]], dtype=float32), array([[0.09040148, 0.09077036, 0.09056824, 0.09084139, 0.09087693,
        0.09067459, 0.09071006, 0.09064934, 0.09297044, 0.09060151,
        0.09093563],
       [0.09053408, 0.09080699, 0.0906575 , 0.09085951, 0.09088579,
        0.09073617, 0.0907624 , 0.09071749, 0.09242876, 0.09068211,
        0.09092917],
       [0.09046152, 0.09078698, 0.09060868, 0.09084964, 0.09088099,
        0.0907025 , 0.0907338 , 0.09068023, 0.09272493, 0.09063803,
        0.09093275],
       [0.09055955, 0.090814  , 0.09067462, 0.09086297, 0.09088746,
        0.09074797, 0.09077243, 0.09073056, 0.09232502, 0.09069757,
        0.0909279 ],
       [0.09057228, 0.0908175 , 0.09068318, 0.09086468, 0.09088828,
        0.09075386, 0.09077743, 0.09073709, 0.09227319, 0.09070529,
        0.09092725],
       [0.09049972, 0.09079753, 0.09063439, 0.09085485, 0.09088352,
        0.09072024, 0.09074887, 0.09069986, 0.09256891, 0.09066124,
        0.09093088],
       [0.09051246, 0.09080104, 0.09064296, 0.09085658, 0.09088437,
        0.09072614, 0.09075389, 0.0907064 , 0.09251696, 0.09066898,
        0.09093025],
       [0.09049066, 0.09079503, 0.09062829, 0.09085362, 0.09088293,
        0.09071603, 0.09074529, 0.0906952 , 0.09260591, 0.09065574,
        0.09093133],
       [0.0913112 , 0.09101609, 0.09117752, 0.0909595 , 0.09093124,
        0.0910925 , 0.09106418, 0.09111267, 0.08929969, 0.09115091,
        0.09088457],
       [0.09047347, 0.09079028, 0.09061672, 0.09085127, 0.09088177,
        0.09070804, 0.09073851, 0.09068637, 0.09267607, 0.09064528,
        0.09093216],
       [0.09059328, 0.09082326, 0.0906973 , 0.09086751, 0.09088965,
        0.09076359, 0.09078569, 0.09074786, 0.0921877 , 0.09071804,
        0.09092619]], dtype=float32)]",1,0,0,0,0,0,40.43846153846154,78.26153846153845,0.00011694029244490617,5.8973429834082985e-05,2.5,2.5,10000.0,5000.0,10000.0,5000.0,0.13503452299279162,0.0015431216992,0.3583585023880005,9.82903475232888e-06,11970,997.9429069707118,2.0,5985,1.0,16595,0.0,0.683036208152771,44.09420394897461,0.00320589542388916,0.040395982563495636,-1.3569007023761515e-05,0.2781127393245697,828.1299292669087,0.0002715581955,0.0,0.0,997.9429069707118,2.0,5985,11970,1.0,8266,0.0015431216992,828.1463090423094,66000,0,33000,11970,23940,24861,4568.117350758886,31050110.35090008,13173299.7303852,13.5,0.0005799991358071565,0.0052102373767411335,0.11637434117379598,10.366003441359926,20,0.65,10.366003441359926,400,2.0,20,-13.5,20.0,40,20,1.3698108921642666e-05,10400,3.0272376909211653e-05,5.862099874687697e-05,400,400,0.00011250756110695076,0.65,800,0.65,800,3.8701037802179445e-05,1.0369636728852054e-05,1.5035330403938503e-05,6.633859047821632e-06,1.1942843457958193e-05,7.975686209115967e-06,2.6980760478442925e-06,1.2488993772707755e-05,1.2346461192382561e-05,2.7657092639293462e-06,6.779186845673544e-06,0.00905916248098947,0.0008870169951114803,0.04192569338250905,0.07519601636682638,0.0035344251978676766,0.004219207182759419,6.266203592531383e-05,11.0,997.7412016936058,0.0,12.0,35910,71820,997.7412016936058,9.87212570180418e-06,12.0,35910,71820,11.0,1.0,0.6830348372459412,44.050384521484375,0.003456294536590576,-1.343736130365869e-05,0.27813783,0.3583894968032837,71820,143640,396000,198000,60605.989491066386,1.1732563944005383e-05,1.2254194257473598e-05,7.0908550492783935e-06,2.809009657846557e-06,2.691528603731429e-06,1.1738832385423236e-05,7.788782024291741e-06,3.568257440340718e-05,1.0258020436018675e-05,6.4936244444680485e-06,1.4724615624667961e-05
1,-607500.0,False,3,b19cd_00000,2025-08-11_18-40-22,1754930422,10.554588079452515,29.268985986709595,11628,Mac,127.0.0.1,29.268985986709595,3,9.14252539707257,9.52619502786547e-06,9.142403608816222,1.671501946578885,7.298300398608587,0.0008240886039799079,10.36823839457432,5000.0,10.5,4.0790313606954845e-05,0.005675303984899075,0.006016990218335585,0.03170181082331804,2.0,-30375.0,20,10.36823839457432,250.0,2.0200000000000005,20,1.5122583529826878e-05,-607500.0,20.0,3.35937271577448e-05,-9.5,3156.9366562303753,5000.0,5250.0,"[array([[0.09130077, 0.09083015, 0.09102939, 0.09063877, 0.0908376 ,
        0.09069038, 0.0907162 , 0.09115902, 0.09101129, 0.09096695,
        0.09081953],
       [0.09154629, 0.09078059, 0.09110446, 0.09046993, 0.09079269,
        0.09055367, 0.09059557, 0.09131542, 0.09107502, 0.09100293,
        0.09076335],
       [0.09144213, 0.09080162, 0.09107264, 0.0905415 , 0.09081174,
        0.09061163, 0.09064671, 0.09124909, 0.09104801, 0.0909877 ,
        0.09078719],
       [0.09164664, 0.09076034, 0.09113507, 0.09040108, 0.09077433,
        0.0904979 , 0.09054635, 0.09137928, 0.091101  , 0.09101757,
        0.09074039],
       [0.09154239, 0.09078138, 0.09110327, 0.09047262, 0.09079341,
        0.09055584, 0.09059748, 0.09131294, 0.09107401, 0.09100236,
        0.09076425],
       [0.09161957, 0.09076582, 0.09112682, 0.09041967, 0.0907793 ,
        0.09051296, 0.09055965, 0.09136205, 0.091094  , 0.09101363,
        0.0907466 ],
       [0.09160602, 0.09076855, 0.09112269, 0.09042896, 0.09078178,
        0.09052049, 0.09056628, 0.09135343, 0.09109049, 0.09101166,
        0.0907497 ],
       [0.09137453, 0.09081526, 0.09105197, 0.09058799, 0.0908241 ,
        0.09064928, 0.09067993, 0.09120603, 0.09103046, 0.09097779,
        0.09080265],
       [0.09145159, 0.09079971, 0.09107554, 0.09053501, 0.09081002,
        0.09060638, 0.09064208, 0.09125511, 0.09105047, 0.09098908,
        0.09078503],
       [0.09147473, 0.09079504, 0.0910826 , 0.09051909, 0.09080578,
        0.09059348, 0.0906307 , 0.09126986, 0.09105647, 0.09099247,
        0.09077973],
       [0.09155186, 0.09077948, 0.09110616, 0.09046613, 0.09079169,
        0.09055059, 0.09059285, 0.09131896, 0.09107646, 0.09100375,
        0.09076209]], dtype=float32), array([[0.09075262, 0.09052474, 0.09062524, 0.09083403, 0.09086119,
        0.09045175, 0.09047879, 0.0909427 , 0.09271693, 0.09090603,
        0.09090603],
       [0.09070882, 0.09041835, 0.09054643, 0.09081265, 0.09084729,
        0.09032535, 0.0903598 , 0.09095129, 0.09322104, 0.0909045 ,
        0.0909045 ],
       [0.09072818, 0.09046533, 0.09058123, 0.09082212, 0.09085345,
        0.09038115, 0.09041233, 0.09094753, 0.09299826, 0.0909052 ,
        0.0909052 ],
       [0.09076816, 0.09056264, 0.09065329, 0.09084158, 0.09086607,
        0.09049679, 0.09052119, 0.09093957, 0.0925377 , 0.0909065 ,
        0.0909065 ],
       [0.09077334, 0.09057527, 0.09066264, 0.09084409, 0.09086769,
        0.09051181, 0.09053532, 0.09093852, 0.09247803, 0.09090665,
        0.09090665],
       [0.09069471, 0.09038418, 0.0905211 , 0.09080573, 0.09084278,
        0.09028476, 0.09032159, 0.09095398, 0.09338331, 0.09090394,
        0.09090394],
       [0.09069995, 0.09039685, 0.09053049, 0.09080831, 0.09084445,
        0.09029981, 0.09033575, 0.09095298, 0.09332316, 0.09090415,
        0.09090415],
       [0.09078884, 0.09061315, 0.09069065, 0.0908516 , 0.09087252,
        0.09055685, 0.09057771, 0.09093533, 0.09229922, 0.09090707,
        0.09090707],
       [0.09111445, 0.09142394, 0.09128723, 0.09100432, 0.09096763,
        0.09152347, 0.09148657, 0.09085767, 0.08852047, 0.09090711,
        0.09090711],
       [0.09078187, 0.09059612, 0.09067805, 0.09084822, 0.09087035,
        0.09053659, 0.09055865, 0.09093677, 0.09237961, 0.09090689,
        0.09090689],
       [0.09078187, 0.09059612, 0.09067805, 0.09084822, 0.09087035,
        0.09053659, 0.09055865, 0.09093677, 0.09237961, 0.09090689,
        0.09090689]], dtype=float32), array([[0.09062871, 0.09075557, 0.09101926, 0.090824  , 0.09108789,
        0.09089248, 0.09092674, 0.09119093, 0.09067316, 0.09125968,
        0.09074154],
