num_training_step_calls_per_iteration,num_env_steps_sampled_lifetime,done,training_iteration,trial_id,date,timestamp,time_this_iter_s,time_total_s,pid,hostname,node_ip,time_since_restore,iterations_since_restore,timers/training_iteration,timers/restore_env_runners,timers/training_step,timers/env_runner_sampling_timer,timers/learner_update_timer,timers/synch_weights,env_runners/rlmodule_inference_timer,env_runners/episode_len_mean,env_runners/episode_return_min,env_runners/num_env_steps_sampled,env_runners/episode_return_max,env_runners/env_to_module_sum_episodes_length_in,env_runners/episode_len_min,env_runners/episode_len_max,env_runners/num_episodes_lifetime,env_runners/env_step_timer,env_runners/env_reset_timer,env_runners/weights_seq_no,env_runners/episode_return_mean,env_runners/time_between_sampling,env_runners/num_env_steps_sampled_lifetime,env_runners/sample,env_runners/env_to_module_sum_episodes_length_out,env_runners/episode_duration_sec_mean,env_runners/num_episodes,env_runners/num_env_steps_sampled_lifetime_throughput,__all_modules__/learner_connector_sum_episodes_length_in,__all_modules__/learner_connector_sum_episodes_length_out,learners/IntrinsicAttentionMask,evaluation/num_healthy_workers,evaluation/actor_manager_num_outstanding_async_reqs,evaluation/num_remote_worker_restarts,fault_tolerance/num_healthy_workers,fault_tolerance/num_remote_worker_restarts,env_runner_group/actor_manager_num_outstanding_async_reqs,perf/cpu_util_percent,perf/ram_util_percent,env_runners/module_to_env_connector/connector_pipeline_timer,env_runners/module_episode_returns_mean/default_policy,env_runners/num_agent_steps_sampled/default_agent,env_runners/env_to_module_connector/connector_pipeline_timer,env_runners/num_module_steps_sampled/default_policy,env_runners/agent_episode_returns_mean/default_agent,env_runners/num_agent_steps_sampled_lifetime/default_agent,env_runners/num_module_steps_sampled_lifetime/default_policy,__all_modules__/learner_connector/connector_pipeline_timer,learners/default_policy/num_module_steps_trained,learners/default_policy/curr_kl_coeff,learners/default_policy/num_module_steps_trained_lifetime,learners/default_policy/num_trainable_parameters,learners/default_policy/diff_num_grad_updates_vs_sampler_policy,learners/default_policy/weights_seq_no,learners/default_policy/use_intrinsic_rewards,learners/default_policy/total_loss,learners/default_policy/vf_loss,learners/default_policy/mean_kl_loss,learners/default_policy/vf_loss_unclipped,learners/default_policy/curr_entropy_coeff,learners/default_policy/policy_loss,learners/default_policy/entropy,learners/default_policy/vf_explained_var,learners/default_policy/module_train_batch_size_mean,learners/default_policy/num_module_steps_trained_lifetime_throughput,learners/intrinsic_reward_module/default_optimizer_learning_rate,learners/intrinsic_reward_module/num_module_steps_trained_lifetime,learners/intrinsic_reward_module/num_trainable_parameters,learners/intrinsic_reward_module/diff_num_grad_updates_vs_sampler_policy,learners/intrinsic_reward_module/total_loss,learners/intrinsic_reward_module/weights_seq_no,learners/intrinsic_reward_module/curr_entropy_coeff,learners/intrinsic_reward_module/module_train_batch_size_mean,learners/intrinsic_reward_module/num_module_steps_trained,learners/intrinsic_reward_module/gradients_default_optimizer_global_norm,learners/intrinsic_reward_module/num_module_steps_trained_lifetime_throughput,learners/__all_modules__/num_env_steps_trained,learners/__all_modules__/num_non_trainable_parameters,learners/__all_modules__/num_module_steps_trained,learners/__all_modules__/num_env_steps_trained_lifetime,learners/__all_modules__/num_module_steps_trained_lifetime,learners/__all_modules__/num_trainable_parameters,learners/__all_modules__/num_env_steps_trained_lifetime_throughput,learners/__all_modules__/num_module_steps_trained_throughput,learners/__all_modules__/num_module_steps_trained_lifetime_throughput,evaluation/env_runners/num_env_steps_sampled_lifetime,evaluation/env_runners/sample,evaluation/env_runners/num_episodes,evaluation/env_runners/episode_return_min,evaluation/env_runners/episode_return_mean,evaluation/env_runners/episode_duration_sec_mean,evaluation/env_runners/num_env_steps_sampled,evaluation/env_runners/episode_return_max,evaluation/env_runners/env_to_module_sum_episodes_length_in,evaluation/env_runners/num_episodes_lifetime,evaluation/env_runners/env_to_module_sum_episodes_length_out,evaluation/env_runners/episode_len_mean,evaluation/env_runners/episode_len_min,evaluation/env_runners/env_reset_timer,evaluation/env_runners/rlmodule_inference_timer,evaluation/env_runners/episode_len_max,evaluation/env_runners/env_step_timer,evaluation/env_runners/weights_seq_no,evaluation/env_runners/module_episode_returns_mean/default_policy,evaluation/env_runners/env_to_module_connector/connector_pipeline_timer,evaluation/env_runners/num_agent_steps_sampled_lifetime/default_agent,evaluation/env_runners/module_to_env_connector/connector_pipeline_timer,evaluation/env_runners/num_agent_steps_sampled/default_agent,evaluation/env_runners/agent_episode_returns_mean/default_agent,evaluation/env_runners/num_module_steps_sampled_lifetime/default_policy,evaluation/env_runners/num_module_steps_sampled/default_policy,env_runners/module_to_env_connector/timers/connectors/listify_data_for_vector_env,env_runners/module_to_env_connector/timers/connectors/un_batch_to_individual_items,env_runners/module_to_env_connector/timers/connectors/get_actions,env_runners/module_to_env_connector/timers/connectors/remove_single_ts_time_rank_from_batch,env_runners/module_to_env_connector/timers/connectors/tensor_to_numpy,env_runners/module_to_env_connector/timers/connectors/normalize_and_clip_actions,env_runners/env_to_module_connector/timers/connectors/add_states_from_episodes_to_batch,env_runners/env_to_module_connector/timers/connectors/batch_individual_items,env_runners/env_to_module_connector/timers/connectors/numpy_to_tensor,env_runners/env_to_module_connector/timers/connectors/add_time_dim_to_batch_and_zero_pad,env_runners/env_to_module_connector/timers/connectors/add_observations_from_episodes_to_batch,__all_modules__/learner_connector/timers/connectors/add_one_ts_to_episodes_and_truncate,__all_modules__/learner_connector/timers/connectors/add_observations_from_episodes_to_batch,__all_modules__/learner_connector/timers/connectors/add_columns_from_episodes_to_train_batch,__all_modules__/learner_connector/timers/connectors/add_time_dim_to_batch_and_zero_pad,__all_modules__/learner_connector/timers/connectors/add_states_from_episodes_to_batch,__all_modules__/learner_connector/timers/connectors/batch_individual_items,__all_modules__/learner_connector/timers/connectors/numpy_to_tensor,learners/differentiable_learners/intrinsic_attention_ppo_learner/default_policy/use_intrinsic_rewards,learners/differentiable_learners/intrinsic_attention_ppo_learner/default_policy/vf_loss,learners/differentiable_learners/intrinsic_attention_ppo_learner/default_policy/vf_loss_unclipped,learners/differentiable_learners/intrinsic_attention_ppo_learner/default_policy/policy_loss,learners/differentiable_learners/intrinsic_attention_ppo_learner/default_policy/num_module_steps_trained,learners/differentiable_learners/intrinsic_attention_ppo_learner/default_policy/entropy,learners/differentiable_learners/intrinsic_attention_ppo_learner/default_policy/vf_explained_var,learners/differentiable_learners/intrinsic_attention_ppo_learner/default_policy/module_train_batch_size_mean,learners/differentiable_learners/intrinsic_attention_ppo_learner/default_policy/num_module_steps_trained_lifetime,learners/differentiable_learners/intrinsic_attention_ppo_learner/default_policy/total_loss,learners/differentiable_learners/intrinsic_attention_ppo_learner/default_policy/diff_num_grad_updates_vs_sampler_policy,learners/differentiable_learners/intrinsic_attention_ppo_learner/default_policy/mean_kl_loss,learners/differentiable_learners/intrinsic_attention_ppo_learner/default_policy/weights_seq_no,learners/differentiable_learners/intrinsic_attention_ppo_learner/__all_modules__/num_env_steps_trained,learners/differentiable_learners/intrinsic_attention_ppo_learner/__all_modules__/num_module_steps_trained,learners/differentiable_learners/intrinsic_attention_ppo_learner/__all_modules__/num_env_steps_trained_lifetime,learners/differentiable_learners/intrinsic_attention_ppo_learner/__all_modules__/num_module_steps_trained_lifetime,learners/differentiable_learners/intrinsic_attention_ppo_learner/__all_modules__/num_env_steps_trained_lifetime_throughput,learners/differentiable_learners/intrinsic_attention_ppo_learner/intrinsic_reward_module/num_module_steps_trained,learners/differentiable_learners/intrinsic_attention_ppo_learner/intrinsic_reward_module/module_train_batch_size_mean,learners/differentiable_learners/intrinsic_attention_ppo_learner/intrinsic_reward_module/num_module_steps_trained_lifetime,learners/differentiable_learners/intrinsic_attention_ppo_learner/intrinsic_reward_module/total_loss,learners/differentiable_learners/intrinsic_attention_ppo_learner/intrinsic_reward_module/diff_num_grad_updates_vs_sampler_policy,learners/differentiable_learners/intrinsic_attention_ppo_learner/intrinsic_reward_module/weights_seq_no,evaluation/env_runners/env_to_module_connector/timers/connectors/batch_individual_items,evaluation/env_runners/env_to_module_connector/timers/connectors/numpy_to_tensor,evaluation/env_runners/env_to_module_connector/timers/connectors/add_time_dim_to_batch_and_zero_pad,evaluation/env_runners/env_to_module_connector/timers/connectors/add_states_from_episodes_to_batch,evaluation/env_runners/env_to_module_connector/timers/connectors/add_observations_from_episodes_to_batch,evaluation/env_runners/module_to_env_connector/timers/connectors/remove_single_ts_time_rank_from_batch,evaluation/env_runners/module_to_env_connector/timers/connectors/un_batch_to_individual_items,evaluation/env_runners/module_to_env_connector/timers/connectors/listify_data_for_vector_env,evaluation/env_runners/module_to_env_connector/timers/connectors/get_actions,evaluation/env_runners/module_to_env_connector/timers/connectors/tensor_to_numpy,evaluation/env_runners/module_to_env_connector/timers/connectors/normalize_and_clip_actions
1,627500.0,False,1,b7d85_00000,2025-08-11_18-00-19,1754928019,12.153176069259644,12.153176069259644,10036,Mac,127.0.0.1,12.153176069259644,1,12.008823583018966,1.4666933566331863e-05,12.00862425006926,1.6090109589276835,10.190734458970837,0.0016616249922662973,3.586475163489724e-05,20.0,-10.5,5000.0,9.5,10.191744832559449,20,20,31375.0,1.447473870283694e-05,7.986464660897491e-05,0.0,-1.2200000000000002,0.0006592078897245048,627500.0,0.006336621770814402,10.191744832559449,0.005240040158852933,250.0,3095.4746637194344,5000,5250,"[array([[0.3335639 , 0.3331128 , 0.3333233 ],
       [0.3338855 , 0.33280537, 0.33330914],
       [0.33373535, 0.33294886, 0.3333158 ]], dtype=float32), array([[0.33330324, 0.33342838, 0.33326834],
       [0.3333613 , 0.33324486, 0.3333938 ],
       [0.33328703, 0.3334796 , 0.3332333 ]], dtype=float32), array([[0.3331693 , 0.33321336, 0.3336173 ],
       [0.33318684, 0.33322617, 0.33358696],
       [0.33334738, 0.3333436 , 0.33330905]], dtype=float32), array([[0.33330077, 0.33334544, 0.33335373],
       [0.33340064, 0.33330822, 0.3332911 ],
       [0.33341914, 0.33330134, 0.33327952]], dtype=float32), array([[0.3331976 , 0.33316845, 0.33363402],
       [0.3331757 , 0.3331418 , 0.33368254],
       [0.3335251 , 0.33356634, 0.33290866]], dtype=float32), array([[0.3332621 , 0.3335003 , 0.33323756],
       [0.33558744, 0.3280378 , 0.33637473],
       [0.333021  , 0.3340654 , 0.3329136 ]], dtype=float32)]",1,0,0,0,0,0,44.87777777777778,80.5,0.0001272500817734369,-1.2200000000000002,5000.0,6.202446790208092e-05,5000.0,-1.2200000000000002,627500.0,627500.0,0.1706844159634784,5994,0.08079196512699127,5994,16595,1.0,1.0,0.0,0.20458640158176422,0.2640724182128906,4.236697350279428e-06,38.342002868652344,0.0015431216992,-7.101288792910054e-05,0.6928334832191467,-0.0002963542938232422,999.0,655.668004622461,0.0002715581955,5994,8266,1.0,0.0,1.0,0.0015431216992,999.0,5994,0.0,655.6797065794467,31500,0,11988,31500,11988,24861,3445.784862954566,32348886.52280817,13151291.589377474,5400,0.1289839589735493,20,-12.5,-0.55,0.00581229156232439,400,13.5,10.216013141322508,20,10.216013141322508,20.0,20,0.0007324159378185868,3.85462882702194e-05,20,1.586305482068336e-05,1.0,-0.55,6.821488165926332e-05,400,0.00013240242487138894,400,-0.55,400,400,1.0503281209159184e-05,6.603806933702125e-06,4.533137144035796e-05,1.215820606870048e-05,1.5712037786497192e-05,1.0162488032773596e-05,2.7375853541597905e-06,1.247038074593922e-05,1.3061680730113923e-05,7.152715661417907e-06,2.9451967330863987e-06,0.0090785410720855,0.0008839169749990106,0.04174470796715468,0.10270029096864164,0.0034417909337207675,0.012635207967832685,6.104097701609135e-05,1.0,0.2661822736263275,38.332794189453125,-6.794553337385878e-05,35964,0.6928340792655945,0.0006704330444335938,999.0,35964,0.20623319,6.0,4.070301656611264e-06,6.0,189000,71928,189000,71928,49531.871229341545,35964,999.0,35964,0.0,6.0,6.0,1.3249086374341319e-05,1.3852425448716717e-05,8.496582820332754e-06,2.8064450864006604e-06,3.5927373637118965e-06,1.3122396904898263e-05,6.748207634351553e-06,1.0652816806666972e-05,4.767760973892662e-05,1.8024303213325256e-05,9.367883146267261e-06
1,10000.0,False,2,b7d85_00000,2025-08-11_18-00-31,1754928031,11.323981761932373,23.477157831192017,10036,Mac,127.0.0.1,23.477157831192017,2,11.999347445938037,1.4590674545615912e-05,11.999147177148844,1.6090812876680864,10.179371708541876,0.0016820529126562178,3.4176362077650597e-05,20.0,-10.5,5000.0,9.5,10.36823839457432,20,20,500.0,1.4571855010267819e-05,4.7751736161532264e-05,1.0,-0.17999999999999997,0.039674332683998816,10000.0,0.005908912126910352,10.36823839457432,0.005538204025477175,250.0,3110.625948840467,5000.0,5250.0,"[array([[0.33282384, 0.33332306, 0.3338531 ],
       [0.33294824, 0.33332562, 0.33372617],
       [0.33308005, 0.33332828, 0.3335916 ]], dtype=float32), array([[0.33305618, 0.3338044 , 0.33313945],
       [0.33361843, 0.33284894, 0.33353263],
       [0.33311883, 0.33369792, 0.3331833 ]], dtype=float32), array([[0.3333705 , 0.3333219 , 0.33330762],
       [0.33385164, 0.33317363, 0.3329747 ],
       [0.33399308, 0.33313003, 0.3328769 ]], dtype=float32), array([[0.33319306, 0.3334193 , 0.3333877 ],
       [0.33334282, 0.33332753, 0.33332968],
       [0.33332187, 0.33334032, 0.33333772]], dtype=float32), array([[0.3331976 , 0.33316845, 0.33363402],
       [0.3331757 , 0.3331418 , 0.33368254],
       [0.3335251 , 0.33356634, 0.33290866]], dtype=float32), array([[0.3329914 , 0.33379263, 0.333216  ],
       [0.3401594 , 0.32422876, 0.33561188],
       [0.33500248, 0.33109587, 0.33390167]], dtype=float32)]",1,0,0,0,0,0,46.212500000000006,80.79374999999999,0.00012476563670906534,-0.17999999999999997,5000.0,6.156643779297433e-05,5000.0,-0.17999999999999997,10000.0,10000.0,0.17236267347354442,5994,0.040395982563495636,11988,16595,1.0,2.0,0.0,0.20433159172534943,0.26398125290870667,3.913193359039724e-05,38.42979431152344,0.0015431216992,-0.00025765979080460966,0.6925932168960571,0.00029712915420532227,999.0,655.0351977615223,0.0002715581955,11988,8266,1.0,0.0,2.0,0.0015431216992,999.0,5994,0.0,655.0467409297189,31500,0,11988,63000,23976,24861,3442.4581959474226,31885435.33145801,13134088.009247117,10400,0.13014208438340574,20,-14.5,-2.05,0.008394466657773592,400,13.5,10.366003441359926,40,10.366003441359926,20.0,20,0.0007638967782258988,8.409144106842079e-05,20,4.119169472828144e-05,2.0,-2.05,0.0001369670717723243,800,0.00027419569229122914,400,-2.05,800,400,1.077904225820754e-05,6.750520860344187e-06,4.25902178855335e-05,1.2459801800550347e-05,1.636518174473939e-05,8.34245894369089e-06,2.8310505533576715e-06,1.2769672077643137e-05,1.3161387531418197e-05,7.25779379902061e-06,2.9115012192381203e-06,0.009078409412177281,0.0008839407155755908,0.04177823879756033,0.10278439263813197,0.0034508101048413664,0.014186725467443467,6.114639691077173e-05,1.0,0.26537466049194336,38.415367126464844,-0.00025149676366709173,35964,0.6925992369651794,0.0007589459419250488,999.0,71928,0.20542617,11.0,3.745829235413112e-05,12.0,189000,71928,378000,143856,49248.71618099123,35964,999.0,71928,0.0,11.0,12.0,2.98958442857372e-05,3.268484208821554e-05,1.6117154610890807e-05,5.5890078786388875e-06,7.099425462843523e-06,2.2387016642024548e-05,1.1560774526625435e-05,2.2604214494770126e-05,0.00011007184784272328,3.84397258951294e-05,1.684331877435719e-05
1,-607500.0,False,3,b7d85_00000,2025-08-11_18-00-42,1754928042,11.40840220451355,34.885560035705566,10036,Mac,127.0.0.1,34.885560035705566,3,11.9921562448094,1.4517267770133913e-05,11.991954889537896,1.609256795211369,10.171849474786978,0.001685502804466523,3.449429327670836e-05,20.0,-10.5,5000.0,9.5,10.36823839457432,20,20,-30375.0,1.4961265130237734e-05,4.569840296217998e-05,2.0,0.54,0.039561257275477754,-607500.0,0.005966598967847711,10.36823839457432,0.005575869138352576,250.0,3116.5966081400225,5000.0,5250.0,"[array([[0.3320032 , 0.33373305, 0.33426374],
       [0.33312908, 0.33339483, 0.3334761 ],
       [0.33347368, 0.33329108, 0.33323526]], dtype=float32), array([[0.33342388, 0.33322573, 0.33335042],
       [0.3334865 , 0.33315128, 0.33336222],
       [0.33344707, 0.3331981 , 0.3333548 ]], dtype=float32), array([[0.3333628 , 0.33342612, 0.33321103],
       [0.3333606 , 0.33341923, 0.33322015],
       [0.33336803, 0.33344266, 0.33318928]], dtype=float32), array([[0.3329946 , 0.33348888, 0.33351645],
       [0.3340349 , 0.33301103, 0.3329541 ],
       [0.33409286, 0.33298436, 0.33292273]], dtype=float32), array([[0.33324572, 0.33336034, 0.33339402],
       [0.33372673, 0.33321214, 0.3330611 ],
       [0.33386815, 0.33316857, 0.3329633 ]], dtype=float32), array([[0.33373228, 0.33215252, 0.33411515],
       [0.33514023, 0.32796136, 0.33689842],
       [0.33338886, 0.33316922, 0.33344194]], dtype=float32)]",1,0,0,0,0,0,43.224999999999994,80.22500000000001,0.00012596278112344275,0.54,5000.0,6.178253333229692e-05,5000.0,0.54,-607500.0,-607500.0,0.17240494173923507,5994,0.020197991281747818,17982,16595,1.0,3.0,0.0,0.20440034568309784,0.2639201283454895,6.975194264668971e-05,37.65215301513672,0.0015431216992,-0.00014149578055366874,0.6922544240951538,0.00047403573989868164,999.0,653.6293697928157,0.0002715581955,17982,8266,1.0,0.0,3.0,0.0015431216992,999.0,5994,0.0,653.6406521243637,31500,0,11988,94500,35964,24861,3435.068319597591,31171976.999460436,13089878.495625235,15400,0.12999798644972033,20,-14.5,-1.2166666666666666,0.007351691669706876,400,13.5,10.368205581254823,60,10.368205581254823,20.0,20,0.0007596065600402654,3.1964311601894936e-05,20,1.4112838756624518e-05,3.0,-1.2166666666666666,6.028839357262898e-05,1200,0.00011592314670388783,400,-1.2166666666666666,1200,400,1.0864624003316464e-05,7.930452349503014e-06,4.318738462128522e-05,1.2276787347870485e-05,1.6247218670786e-05,8.26139434411266e-06,2.8188320860663093e-06,1.2867032273375653e-05,1.3323560710748913e-05,7.233396627750481e-06,2.862924603461035e-06,0.009077104068070186,0.0008838546486455017,0.04179262390867807,0.10282251163171603,0.0034542674139491285,0.014174515713425354,6.127910275245086e-05,1.0,0.2648017108440399,37.76158142089844,-0.00013862924242857844,35964,0.6922566294670105,0.0007874369621276855,999.0,107892,0.20509829,16.0,6.899841537233442e-05,18.0,189000,71928,567000,215784,48753.37460505878,35964,999.0,107892,0.0,16.0,18.0,1.2706677754195392e-05,1.2402385604391434e-05,7.100060537431532e-06,2.7841739248972186e-06,2.8344918526002806e-06,1.2068299024156195e-05,6.67590512672026e-06,1.0530339367228105e-05,3.670697793260451e-05,1.5341680084106307e-05,8.145020288834598e-06
1,-1225000.0,False,4,b7d85_00000,2025-08-11_18-00-54,1754928054,11.963715076446533,46.8492751121521,10036,Mac,127.0.0.1,46.8492751121521,4,11.990408546951077,1.444043437880464e-05,11.990207026472975,1.608751404759384,10.170316539198254,0.0016781777768104802,3.299363753946302e-05,20.0,-10.5,5000.0,9.5,10.36823839457432,20,20,-61250.0,1.3956904737753469e-05,3.9545516539667316e-05,3.0,-0.5,0.03969329548286787,-1225000.0,0.005746077005868918,10.36823839457432,0.005364732794929296,250.0,3211.602039570154,5000.0,5250.0,"[array([[0.3334005 , 0.33343953, 0.33316004],
       [0.33339238, 0.3334267 , 0.33318093],
       [0.33345038, 0.33351845, 0.33303118]], dtype=float32), array([[0.33305624, 0.33328092, 0.3336628 ],
       [0.3332252 , 0.3333129 , 0.33346188],
       [0.33351213, 0.33336702, 0.3331208 ]], dtype=float32), array([[0.33335385, 0.33339792, 0.33324826],
       [0.33335164, 0.333391  , 0.33325732],
       [0.33335906, 0.33341444, 0.33322644]], dtype=float32), array([[0.33332026, 0.33304602, 0.33363375],
       [0.33331364, 0.33290246, 0.33378386],
       [0.33332774, 0.33321   , 0.33346233]], dtype=float32), array([[0.3331976 , 0.33316845, 0.33363402],
       [0.3331757 , 0.3331418 , 0.33368254],
       [0.3335251 , 0.33356634, 0.33290866]], dtype=float32), array([[0.33411536, 0.3319616 , 0.33392307],
       [0.33789897, 0.3253395 , 0.3367616 ],
       [0.33445314, 0.33136937, 0.33417746]], dtype=float32)]",1,0,0,0,0,0,45.711764705882345,80.7,0.00012095403775559387,-0.5,5000.0,5.960588879317681e-05,5000.0,-0.5,-1225000.0,-1225000.0,0.1725306110722972,5994,0.010098995640873909,23976,16595,1.0,4.0,0.0,0.2041553258895874,0.26388540863990784,5.7177123380824924e-05,38.194480895996094,0.0015431216992,-0.0003586459788493812,0.6917074918746948,-0.00023829936981201172,999.0,651.5257746571712,0.0002715581955,23976,8266,1.0,0.0,4.0,0.0015431216992,999.0,5994,0.0,651.5366693684758,31500,0,11988,126000,47952,24861,3424.011024076457,30360128.66799367,13045455.683481263,20400,0.1300427186649586,20,-14.5,-1.05,0.007042137002281379,400,13.5,10.368237912813044,80,10.368237912813044,20.0,20,0.0007557079940726982,3.5096095909454536e-05,20,1.6248250936209326e-05,4.0,-1.05,6.88592771540328e-05,1600,0.00013105262900662277,400,-1.05,1600,400,1.0499091145117777e-05,6.572694998644677e-06,4.1464559640353585e-05,1.2086892465409758e-05,1.5760718309805437e-05,8.042984109088169e-06,2.7285359122941924e-06,1.2342617395113688e-05,1.2715440130957399e-05,7.000565682395869e-06,2.778229386744298e-06,0.009094068437954994,0.0008861065218799051,0.0418006539199925,0.10292692359497117,0.0034618701596754835,0.01416015596630564,6.180797233886551e-05,1.0,0.2644830346107483,38.187477111816406,-0.0003495028358884156,35964,0.6917209625244141,0.0009056925773620605,999.0,143856,0.20463766,21.0,5.444673661259003e-05,24.0,189000,71928,756000,287712,48089.76978784577,35964,999.0,143856,0.0,21.0,24.0,1.4863796287860416e-05,1.4527680204851383e-05,7.675122160718214e-06,3.1827037364804524e-06,3.0568457120153376e-06,1.3074093684148252e-05,7.413503664252387e-06,1.1892511041031542e-05,4.2768730646303274e-05,1.69575265540238e-05,9.66356640294014e-06
1,-1842500.0,False,5,b7d85_00000,2025-08-11_18-01-06,1754928066,11.864217042922974,58.71349215507507,10036,Mac,127.0.0.1,58.71349215507507,5,11.987886701901541,1.4352699849528726e-05,11.987685244537685,1.6087030648817908,10.167725900886849,0.0016707993383966967,3.413341383519947e-05,20.0,-10.5,5000.0,9.5,10.36823839457432,20,20,-92125.0,1.4403085122329073e-05,4.355859967566702e-05,4.0,-0.3400000000000001,0.04199797629330295,-1842500.0,0.0058577849619670915,10.36823839457432,0.005507400341331962,250.0,3110.757221914744,5000.0,5250.0,"[array([[0.33241266, 0.33291128, 0.334676  ],
       [0.3326375 , 0.33301458, 0.33434793],
       [0.33343035, 0.3333777 , 0.33319196]], dtype=float32), array([[0.3333764 , 0.33328217, 0.33334148],
       [0.33343905, 0.33320773, 0.33335328],
       [0.33339962, 0.33325458, 0.33334586]], dtype=float32), array([[0.3332633 , 0.33324826, 0.33348843],
       [0.3332414 , 0.33322164, 0.33353695],
       [0.3335907 , 0.3336461 , 0.33276322]], dtype=float32), array([[0.3332251 , 0.33337367, 0.3334012 ],
       [0.33332494, 0.33333647, 0.3333386 ],
       [0.33334345, 0.33332956, 0.33332697]], dtype=float32), array([[0.33322185, 0.33362806, 0.3331501 ],
       [0.33345932, 0.33300006, 0.33354056],
       [0.33317983, 0.3337391 , 0.33308107]], dtype=float32), array([[0.33373228, 0.33215252, 0.33411515],
       [0.33514023, 0.32796136, 0.33689842],
       [0.33338886, 0.33316922, 0.33344194]], dtype=float32)]",1,0,0,0,0,0,44.74117647058823,79.87647058823529,0.0001241340897360857,-0.3400000000000001,5000.0,6.126354037565881e-05,5000.0,-0.3400000000000001,-1842500.0,-1842500.0,0.1725211345516769,5994,0.0050494978204369545,29970,16595,1.0,5.0,0.0,0.2039257287979126,0.2638728618621826,3.9648399251746014e-05,38.83375930786133,0.0015431216992,-0.0005785937537439167,0.6911320090293884,-0.0004652738571166992,999.0,648.7265639064233,0.0002715581955,29970,8266,1.0,0.0,5.0,0.0015431216992,999.0,5994,0.0,648.7370211862587,31500,0,11988,157500,59940,24861,3409.2977657226,29526719.312723074,13015654.15271227,25400,0.129889259388772,20,-14.5,-1.35,0.006679781248094514,400,13.5,10.368238387501162,100,10.368238387501162,20.0,20,0.000751393004010739,3.1246218719796085e-05,20,1.3698921766711565e-05,5.0,-1.35,5.902957849230588e-05,2000,0.0001134332407447685,400,-1.35,2000,400,1.0762566368802409e-05,6.727337416027258e-06,4.287386035994653e-05,1.2287434771712333e-05,1.6133433505813047e-05,8.225309611122625e-06,2.7839590221234506e-06,1.2718630697682246e-05,1.311845748523851e-05,7.18240101358311e-06,2.8903441989678352e-06,0.009091301502966432,0.0008858475372949697,0.04180058030118331,0.10293328560914589,0.0034640335483980492,0.014145261066436437,6.195614292035462e-05,1.0,0.26428577303886414,38.75017547607422,-0.0005431475001387298,35964,0.6911650896072388,0.0010333657264709473,999.0,179820,0.20428808,26.0,3.509373709675856e-05,30.0,189000,71928,945000,359640,47320.24572828826,35964,999.0,179820,0.0,26.0,30.0,1.2487707981860536e-05,1.2002529631944382e-05,6.965829616891042e-06,2.7093700308322312e-06,2.7904315888956965e-06,1.1860657905532004e-05,6.4924130660316355e-06,1.0283047274376062e-05,3.5315386746911036e-05,1.5251598918773505e-05,8.016804216161753e-06
1,-2460000.0,False,6,b7d85_00000,2025-08-11_18-01-17,1754928077,11.277830839157104,69.99132299423218,10036,Mac,127.0.0.1,69.99132299423218,6,11.979571252381945,1.435750226918601e-05,11.979369055842005,1.6083147979832337,10.15955292062744,0.0016686146849362008,3.342878177040117e-05,20.0,-10.5,5000.0,9.5,10.36823839457432,20,20,-123000.0,1.405716731792438e-05,4.2253248749797816e-05,5.0,0.54,0.04165257271953009,-2460000.0,0.005764646814490462,10.36823839457432,0.005394428835250436,250.0,3192.676245955931,5000.0,5250.0,"[array([[0.3332371 , 0.33327612, 0.33348674],
       [0.3332487 , 0.333283  , 0.33346823],
       [0.33331135, 0.33332026, 0.33336836]], dtype=float32), array([[0.33305618, 0.3338044 , 0.33313945],
       [0.33361843, 0.33284894, 0.33353263],
       [0.33311883, 0.33369792, 0.3331833 ]], dtype=float32), array([[0.33316925, 0.3337671 , 0.33306372],
       [0.33340684, 0.33313897, 0.3334542 ],
       [0.3331272 , 0.33387813, 0.33299467]], dtype=float32), array([[0.3332251 , 0.33337367, 0.3334012 ],
       [0.33332494, 0.33333647, 0.3333386 ],
       [0.33334345, 0.33332956, 0.33332697]], dtype=float32), array([[0.33328718, 0.33327726, 0.3334355 ],
       [0.33326527, 0.33325067, 0.33348402],
       [0.33361456, 0.3336751 , 0.3327104 ]], dtype=float32), array([[0.33331102, 0.33347583, 0.33321312],
       [0.33380973, 0.3302436 , 0.33594668],
       [0.33300647, 0.3354025 , 0.33159104]], dtype=float32)]",1,0,0,0,0,0,37.987500000000004,79.67500000000001,0.00012133678686096058,0.54,5000.0,6.0038363058671245e-05,5000.0,0.54,-2460000.0,-2460000.0,0.17265251820571376,5994,0.0025247489102184772,35964,16595,1.0,6.0,0.0,0.20433668792247772,0.2638755142688751,3.353858119226061e-05,38.21855926513672,0.0015431216992,-0.00017021282110363245,0.690653383731842,-0.00044906139373779297,999.0,645.983814085722,0.0002715581955,35964,8266,1.0,0.0,6.0,0.0015431216992,999.0,5994,0.0,645.993807819541,31500,0,11988,189000,71928,24861,3394.881039849687,28699819.062073406,12989556.941747779,30400,0.1297167638851498,20,-14.5,-1.35,0.006553117126459256,400,13.5,10.368238394470474,120,10.368238394470474,20.0,20,0.0007446778239409037,3.0439096814013913e-05,20,1.3714644198739335e-05,6.0,-1.35,5.933193384818152e-05,2400,0.00011354911303935742,400,-1.35,2400,400,1.0513657961087231e-05,6.558084497915412e-06,4.167176901621546e-05,1.2082575178369987e-05,1.5806536787998587e-05,8.07434583410787e-06,2.7300682336680182e-06,1.2477091066092846e-05,1.2782693802253745e-05,7.0199294289304165e-06,2.804260880015321e-06,0.009089145157947974,0.0008853078121097746,0.04185380074869145,0.1030148844124046,0.0034685978036351245,0.014139692205234736,6.221283146946989e-05,1.0,0.2641426622867584,38.19318389892578,-0.00016731317737139761,35964,0.6906630396842957,0.0010298490524291992,999.0,215784,0.20455275,31.0,3.241041849832982e-05,36.0,189000,71928,1134000,431568,46491.16522062869,35964,999.0,215784,0.0,31.0,36.0,1.2506952144888871e-05,1.2091049045470832e-05,7.038444330560319e-06,2.7533954647262438e-06,2.790142109109611e-06,1.1924847957261344e-05,6.481209775153139e-06,1.029844336734847e-05,3.54281151051726e-05,1.5172580606202527e-05,8.060674627791972e-06
1,-3077500.0,False,7,b7d85_00000,2025-08-11_18-01-29,1754928089,11.485467910766602,81.47679090499878,10036,Mac,127.0.0.1,81.47679090499878,7,11.973348453187242,1.4271006842939114e-05,11.97314588653395,1.6089509912535378,10.152601017251232,0.001661877697662465,3.284875441853447e-05,20.0,-10.5,5000.0,9.5,10.36823839457432,20,20,-153875.0,1.3881349794766979e-05,4.199558323741368e-05,6.0,0.22,0.03998489180822344,-3077500.0,0.005736333937609049,10.36823839457432,0.005317905350122599,250.0,3197.109364261398,5000.0,5250.0,"[array([[0.3320032 , 0.33373305, 0.33426374],
       [0.33312908, 0.33339483, 0.3334761 ],
       [0.33347368, 0.33329108, 0.33323526]], dtype=float32), array([[0.33318433, 0.33330518, 0.3335105 ],
       [0.3333533 , 0.33333713, 0.33330962],
       [0.33364025, 0.33339116, 0.3329686 ]], dtype=float32), array([[0.3333529 , 0.3333043 , 0.33334282],
       [0.333606  , 0.3329285 , 0.33346543],
       [0.33340538, 0.33322638, 0.33336824]], dtype=float32), array([[0.33332524, 0.33355156, 0.33312327],
       [0.33333388, 0.3333186 , 0.33334753],
       [0.33331737, 0.33375958, 0.33292297]], dtype=float32), array([[0.33309656, 0.33350262, 0.33340088],
       [0.33360133, 0.33314186, 0.3332569 ],
       [0.33347484, 0.33323222, 0.33329296]], dtype=float32), array([[0.33199674, 0.3354651 , 0.33253822],
       [0.33715236, 0.32726523, 0.33558252],
       [0.33280674, 0.33417273, 0.33302057]], dtype=float32)]",1,0,0,0,0,0,40.01875,79.80625,0.00012010260471265966,0.22,5000.0,5.93725293139553e-05,5000.0,0.22,-3077500.0,-3077500.0,0.17264937969342092,5994,0.0012623744551092386,41958,16595,1.0,7.0,0.0,0.2037929743528366,0.26387354731559753,0.000141844036988914,38.85084915161133,0.0015431216992,-0.0007147014257498085,0.6892695426940918,-0.0004292726516723633,999.0,643.1635571989281,0.0002715581955,41958,8266,1.0,0.0,7.0,0.0015431216992,999.0,5994,0.0,643.1730795012422,31500,0,11988,220500,83916,24861,3380.056944147187,27855184.07385631,12926188.670052966,35400,0.12959348833616255,20,-14.5,-0.15,0.005424591245828197,400,13.5,10.368238394572801,140,10.368238394572801,20.0,20,0.0007402956254975407,3.154276910135474e-05,20,1.429142664951359e-05,7.0,-0.15,6.080568072298654e-05,2800,0.00011649063755978617,400,-0.15,2800,400,1.0414032790352282e-05,6.54197484623969e-06,4.09089426726452e-05,1.2047600525775354e-05,1.5681091511453544e-05,8.015289798107554e-06,2.7291010685788415e-06,1.2288944691393561e-05,1.2628035984286121e-05,6.943964805900702e-06,2.780452936546515e-06,0.0090849682863251,0.0008858205643263056,0.0418575302417485,0.10302604306884412,0.003471402666367215,0.01412247695401763,6.243195403073996e-05,1.0,0.2640642523765564,38.774261474609375,-0.0007017619209364057,35964,0.6892976760864258,0.0011487007141113281,999.0,251748,0.20397614,36.0,0.00013647708692587912,42.0,189000,71928,1323000,503496,45627.67496693085,35964,999.0,251748,0.0,36.0,42.0,1.2921487996243575e-05,1.2623228261946628e-05,7.240521906473581e-06,2.8322682082791565e-06,2.8261977706449392e-06,1.2046052684139664e-05,6.6265350229109934e-06,1.0692764697291471e-05,3.676036576531233e-05,1.5485750690826946e-05,8.195635351909708e-06
1,-3695000.0,False,8,b7d85_00000,2025-08-11_18-01-41,1754928101,12.102432012557983,93.57922291755676,10036,Mac,127.0.0.1,93.57922291755676,8,11.973125593235222,1.4189126108470733e-05,11.97292241266841,1.6098470663413684,10.14846932999931,0.0016636580805755087,5.41483288705811e-05,20.0,-10.5,5000.0,9.5,10.36823839457432,20,20,-184750.0,1.4366551425307416e-05,4.270658321678191e-05,7.0,0.7800000000000001,0.03989281944728444,-3695000.0,0.0059706803813466295,10.36823839457432,0.00589691200107336,250.0,3130.99920564528,5000.0,5250.0,"[array([[0.33241335, 0.33414534, 0.33344132],
       [0.3331921 , 0.3334579 , 0.33335   ],
       [0.33287597, 0.33373684, 0.3333872 ]], dtype=float32), array([[0.33305618, 0.3338044 , 0.33313945],
       [0.33361843, 0.33284894, 0.33353263],
       [0.33311883, 0.33369792, 0.3331833 ]], dtype=float32), array([[0.33283272, 0.33369124, 0.333476  ],
       [0.3333373 , 0.33333048, 0.3333322 ],
       [0.3332109 , 0.33342084, 0.33336824]], dtype=float32), array([[0.3332251 , 0.33337367, 0.3334012 ],
       [0.33332494, 0.33333647, 0.3333386 ],
       [0.33334345, 0.33332956, 0.33332697]], dtype=float32), array([[0.33331975, 0.33329058, 0.33338967],
       [0.33331755, 0.3332837 , 0.33339876],
       [0.333325  , 0.33330712, 0.33336788]], dtype=float32), array([[0.33199674, 0.3354651 , 0.33253822],
       [0.33715236, 0.32726523, 0.33558252],
       [0.33280674, 0.33417273, 0.33302057]], dtype=float32)]",1,0,0,0,0,0,45.29444444444445,81.6888888888889,0.00012416583703400965,0.7800000000000001,5000.0,6.0471715061386795e-05,5000.0,0.7800000000000001,-3695000.0,-3695000.0,0.17544786756703398,5994,0.0006311872275546193,47952,16595,1.0,8.0,0.0,0.20371368527412415,0.2638704180717468,0.00011484237620607018,37.84132385253906,0.0015431216992,-0.0007934169261716306,0.6879218816757202,-0.0005568265914916992,999.0,640.2265787149718,0.0002715581955,47952,8266,1.0,0.0,8.0,0.0015431216992,999.0,5994,0.0,640.2356344648975,31500,0,11988,252000,95904,24861,3364.6194096236527,27049770.953989606,12866562.809350729,40400,0.12967604304351654,20,-14.5,-0.15,0.0056248545658309015,400,13.5,10.3682383945743,160,10.3682383945743,20.0,20,0.0007365705889824226,3.588274079151625e-05,20,1.758340903393161e-05,8.0,-0.15,7.102396586287201e-05,3200,0.00013241996513616228,400,-0.15,3200,400,1.065128150364763e-05,6.710261528581428e-06,4.3219316450303794e-05,1.2224844312733355e-05,1.6097102182233603e-05,8.196006459620522e-06,2.7535010669939604e-06,1.2474450621409722e-05,1.2996217692229385e-05,7.119582714218902e-06,2.8554100115550457e-06,0.009116220692688094,0.0008868069481958377,0.04211581827836213,0.10539989429893978,0.003493461969555692,0.014230926354522637,6.428305496916395e-05,1.0,0.2639870345592499,37.83311080932617,-0.0007719832938164473,35964,0.6879647374153137,0.001063525676727295,999.0,287712,0.20384333,41.0,0.00010850185935851187,48.0,189000,71928,1512000,575424,44743.53374392868,35964,999.0,287712,0.0,41.0,48.0,1.60684279287769e-05,1.561074637586851e-05,8.805273503329659e-06,3.0064312303070525e-06,3.0680526272267436e-06,1.3240390149346217e-05,8.195164520841824e-06,1.1506113152910635e-05,4.287494337099556e-05,1.7754602284692646e-05,8.946332476310145e-06
1,-4312500.0,False,9,b7d85_00000,2025-08-11_18-01-53,1754928113,11.571640014648438,105.1508629322052,10036,Mac,127.0.0.1,105.1508629322052,9,11.967386711882991,1.410431560798421e-05,11.967183179791707,1.6094099781785025,10.14177899836982,0.0016650552494265054,3.372277697804469e-05,20.0,-10.5,5000.0,9.5,10.36823839457432,20,20,-215625.0,1.4179870910115419e-05,4.031206963414571e-05,8.0,0.7000000000000002,0.042019478673668974,-4312500.0,0.006040329220276599,10.36823839457432,0.005406300653237851,250.0,3187.252792334292,5000.0,5250.0,"[array([[0.3334005 , 0.33343953, 0.33316004],
       [0.33339238, 0.3334267 , 0.33318093],
       [0.33345038, 0.33351845, 0.33303118]], dtype=float32), array([[0.33342388, 0.33322573, 0.33335042],
       [0.3334865 , 0.33315128, 0.33336222],
       [0.33344707, 0.3331981 , 0.3333548 ]], dtype=float32), array([[0.33326334, 0.33343732, 0.3332994 ],
       [0.33351645, 0.3330615 , 0.3334221 ],
       [0.3333158 , 0.3333594 , 0.33332485]], dtype=float32), array([[0.33310983, 0.33360428, 0.33328587],
       [0.33379596, 0.33277282, 0.33343112],
       [0.33335423, 0.333308  , 0.33333775]], dtype=float32), array([[0.33331975, 0.33329058, 0.33338967],
       [0.33331755, 0.3332837 , 0.33339876],
       [0.333325  , 0.33330712, 0.33336788]], dtype=float32), array([[0.33411536, 0.3319616 , 0.33392307],
       [0.33789894, 0.3253395 , 0.33676156],
       [0.33445314, 0.33136937, 0.33417746]], dtype=float32)]",1,0,0,0,0,0,42.85,82.09375,0.00012202960715181226,0.7000000000000002,5000.0,6.004812917944886e-05,5000.0,0.7000000000000002,-4312500.0,-4312500.0,0.17673082889169842,5994,0.00031559361377730966,53946,16595,1.0,9.0,0.0,0.20377954840660095,0.26386967301368713,0.00011221104796277359,37.947021484375,0.0015431216992,-0.0007294229581020772,0.6862872838973999,-0.0004622936248779297,999.0,637.4176018724472,0.0002715581955,53946,8266,1.0,0.0,9.0,0.0015431216992,999.0,5994,0.0,637.42619351947,31500,0,11988,283500,107892,24861,3349.854581863615,26270797.304480404,12806296.002504706,45400,0.12994882803343374,20,-14.5,0.25,0.005840133283054456,400,13.5,10.368238394574323,180,10.368238394574323,20.0,20,0.0007322640530686392,4.5895508719445076e-05,20,2.2118809634771692e-05,9.0,0.25,8.643026199048712e-05,3600,0.00017699052090651134,400,0.25,3600,400,1.050994623646628e-05,6.587501947496018e-06,4.220004880509295e-05,1.2099755265473957e-05,1.5917079078986923e-05,8.053603495466734e-06,2.741162892838812e-06,1.2407008981681574e-05,1.2893677024636204e-05,7.053885252031346e-06,2.854672561728199e-06,0.009111418066507134,0.0008872597191862348,0.04211575759652675,0.10539783702596212,0.0034965319395928716,0.015517427090465705,6.432189433642993e-05,1.0,0.263939768075943,37.92803192138672,-0.0007113182218745351,35964,0.6863321661949158,0.001103520393371582,999.0,323676,0.20386933,46.0,0.00010648014722391963,54.0,189000,71928,1701000,647352,43868.9666003075,35964,999.0,323676,0.0,46.0,54.0,1.699384228239813e-05,1.800065465858834e-05,1.2142525808433847e-05,3.601325962127299e-06,4.312980068063905e-06,1.6069148121719905e-05,8.77540413905869e-06,1.5078746684050734e-05,6.448807294811407e-05,2.3334022764714454e-05,1.2945689310365278e-05
1,-4930000.0,False,10,b7d85_00000,2025-08-11_18-02-07,1754928127,14.526333093643188,119.67719602584839,10036,Mac,127.0.0.1,119.67719602584839,10,11.991575002683371,1.4022432390150378e-05,11.991370511323261,1.6117640396466977,10.16350707047629,0.001667470106365337,3.984579050671758e-05,20.0,-10.5,5000.0,9.5,10.36823839457432,20,20,-246500.0,1.70702300252483e-05,5.070214840189272e-05,9.0,-0.019999999999999997,0.040795056573818676,-4930000.0,0.006513768720106196,10.36823839457432,0.006328069178387526,250.0,2767.0573570334927,5000.0,5250.0,"[array([[0.33241266, 0.33291128, 0.334676  ],
       [0.3326375 , 0.33301458, 0.33434793],
       [0.33343035, 0.3333777 , 0.33319196]], dtype=float32), array([[0.3333764 , 0.33328217, 0.33334148],
       [0.33343905, 0.33320773, 0.33335328],
       [0.33339962, 0.33325458, 0.33334586]], dtype=float32), array([[0.33326334, 0.33343732, 0.3332994 ],
       [0.33351645, 0.3330615 , 0.3334221 ],
       [0.3333158 , 0.3333594 , 0.33332485]], dtype=float32), array([[0.33310753, 0.3334717 , 0.3334208 ],
