num_training_step_calls_per_iteration,num_env_steps_sampled_lifetime,done,training_iteration,trial_id,date,timestamp,time_this_iter_s,time_total_s,pid,hostname,node_ip,time_since_restore,iterations_since_restore,timers/training_iteration,timers/restore_env_runners,timers/training_step,timers/env_runner_sampling_timer,timers/learner_update_timer,timers/synch_weights,env_runners/env_reset_timer,env_runners/num_episodes_lifetime,env_runners/num_env_steps_sampled_lifetime,env_runners/num_env_steps_sampled,env_runners/time_between_sampling,env_runners/rlmodule_inference_timer,env_runners/env_step_timer,env_runners/weights_seq_no,env_runners/episode_len_min,env_runners/episode_len_mean,env_runners/num_episodes,env_runners/sample,env_runners/episode_duration_sec_mean,env_runners/episode_len_max,env_runners/env_to_module_sum_episodes_length_out,env_runners/episode_return_max,env_runners/episode_return_min,env_runners/env_to_module_sum_episodes_length_in,env_runners/episode_return_mean,env_runners/num_env_steps_sampled_lifetime_throughput,__all_modules__/learner_connector_sum_episodes_length_in,__all_modules__/learner_connector_sum_episodes_length_out,learners/IntrinsicAttentionMask,evaluation/num_healthy_workers,evaluation/actor_manager_num_outstanding_async_reqs,evaluation/num_remote_worker_restarts,fault_tolerance/num_healthy_workers,fault_tolerance/num_remote_worker_restarts,env_runner_group/actor_manager_num_outstanding_async_reqs,perf/cpu_util_percent,perf/ram_util_percent,env_runners/module_to_env_connector/connector_pipeline_timer,env_runners/module_episode_returns_mean/default_policy,env_runners/env_to_module_connector/connector_pipeline_timer,env_runners/num_agent_steps_sampled/default_agent,env_runners/num_module_steps_sampled/default_policy,env_runners/num_agent_steps_sampled_lifetime/default_agent,env_runners/num_module_steps_sampled_lifetime/default_policy,env_runners/agent_episode_returns_mean/default_agent,__all_modules__/learner_connector/connector_pipeline_timer,learners/intrinsic_reward_module/num_module_steps_trained,learners/intrinsic_reward_module/curr_entropy_coeff,learners/intrinsic_reward_module/total_loss,learners/intrinsic_reward_module/num_module_steps_trained_lifetime,learners/intrinsic_reward_module/gradients_default_optimizer_global_norm,learners/intrinsic_reward_module/diff_num_grad_updates_vs_sampler_policy,learners/intrinsic_reward_module/module_train_batch_size_mean,learners/intrinsic_reward_module/default_optimizer_learning_rate,learners/intrinsic_reward_module/num_trainable_parameters,learners/intrinsic_reward_module/weights_seq_no,learners/intrinsic_reward_module/num_module_steps_trained_lifetime_throughput,learners/__all_modules__/num_trainable_parameters,learners/__all_modules__/num_non_trainable_parameters,learners/__all_modules__/num_env_steps_trained_lifetime,learners/__all_modules__/num_module_steps_trained,learners/__all_modules__/num_module_steps_trained_lifetime,learners/__all_modules__/num_env_steps_trained,learners/__all_modules__/num_env_steps_trained_lifetime_throughput,learners/__all_modules__/num_module_steps_trained_throughput,learners/__all_modules__/num_module_steps_trained_lifetime_throughput,learners/default_policy/vf_loss,learners/default_policy/weights_seq_no,learners/default_policy/curr_entropy_coeff,learners/default_policy/vf_loss_unclipped,learners/default_policy/total_loss,learners/default_policy/vf_explained_var,learners/default_policy/num_module_steps_trained,learners/default_policy/diff_num_grad_updates_vs_sampler_policy,learners/default_policy/curr_kl_coeff,learners/default_policy/use_intrinsic_rewards,learners/default_policy/module_train_batch_size_mean,learners/default_policy/num_module_steps_trained_lifetime,learners/default_policy/policy_loss,learners/default_policy/num_trainable_parameters,learners/default_policy/mean_kl_loss,learners/default_policy/entropy,learners/default_policy/num_module_steps_trained_lifetime_throughput,evaluation/env_runners/episode_len_max,evaluation/env_runners/episode_return_max,evaluation/env_runners/env_reset_timer,evaluation/env_runners/rlmodule_inference_timer,evaluation/env_runners/env_step_timer,evaluation/env_runners/episode_len_min,evaluation/env_runners/env_to_module_sum_episodes_length_out,evaluation/env_runners/env_to_module_sum_episodes_length_in,evaluation/env_runners/num_env_steps_sampled_lifetime,evaluation/env_runners/weights_seq_no,evaluation/env_runners/episode_len_mean,evaluation/env_runners/sample,evaluation/env_runners/episode_return_mean,evaluation/env_runners/episode_return_min,evaluation/env_runners/num_episodes,evaluation/env_runners/episode_duration_sec_mean,evaluation/env_runners/num_episodes_lifetime,evaluation/env_runners/num_env_steps_sampled,evaluation/env_runners/module_to_env_connector/connector_pipeline_timer,evaluation/env_runners/num_agent_steps_sampled_lifetime/default_agent,evaluation/env_runners/num_module_steps_sampled_lifetime/default_policy,evaluation/env_runners/env_to_module_connector/connector_pipeline_timer,evaluation/env_runners/num_agent_steps_sampled/default_agent,evaluation/env_runners/module_episode_returns_mean/default_policy,evaluation/env_runners/agent_episode_returns_mean/default_agent,evaluation/env_runners/num_module_steps_sampled/default_policy,env_runners/module_to_env_connector/timers/connectors/remove_single_ts_time_rank_from_batch,env_runners/module_to_env_connector/timers/connectors/get_actions,env_runners/module_to_env_connector/timers/connectors/listify_data_for_vector_env,env_runners/module_to_env_connector/timers/connectors/tensor_to_numpy,env_runners/module_to_env_connector/timers/connectors/un_batch_to_individual_items,env_runners/module_to_env_connector/timers/connectors/normalize_and_clip_actions,env_runners/env_to_module_connector/timers/connectors/batch_individual_items,env_runners/env_to_module_connector/timers/connectors/add_observations_from_episodes_to_batch,env_runners/env_to_module_connector/timers/connectors/add_states_from_episodes_to_batch,env_runners/env_to_module_connector/timers/connectors/numpy_to_tensor,env_runners/env_to_module_connector/timers/connectors/add_time_dim_to_batch_and_zero_pad,__all_modules__/learner_connector/timers/connectors/add_one_ts_to_episodes_and_truncate,__all_modules__/learner_connector/timers/connectors/add_observations_from_episodes_to_batch,__all_modules__/learner_connector/timers/connectors/add_columns_from_episodes_to_train_batch,__all_modules__/learner_connector/timers/connectors/add_time_dim_to_batch_and_zero_pad,__all_modules__/learner_connector/timers/connectors/add_states_from_episodes_to_batch,__all_modules__/learner_connector/timers/connectors/batch_individual_items,__all_modules__/learner_connector/timers/connectors/numpy_to_tensor,learners/differentiable_learners/intrinsic_attention_ppo_learner/intrinsic_reward_module/num_module_steps_trained_lifetime,learners/differentiable_learners/intrinsic_attention_ppo_learner/intrinsic_reward_module/weights_seq_no,learners/differentiable_learners/intrinsic_attention_ppo_learner/intrinsic_reward_module/total_loss,learners/differentiable_learners/intrinsic_attention_ppo_learner/intrinsic_reward_module/num_module_steps_trained,learners/differentiable_learners/intrinsic_attention_ppo_learner/intrinsic_reward_module/diff_num_grad_updates_vs_sampler_policy,learners/differentiable_learners/intrinsic_attention_ppo_learner/intrinsic_reward_module/module_train_batch_size_mean,learners/differentiable_learners/intrinsic_attention_ppo_learner/default_policy/module_train_batch_size_mean,learners/differentiable_learners/intrinsic_attention_ppo_learner/default_policy/use_intrinsic_rewards,learners/differentiable_learners/intrinsic_attention_ppo_learner/default_policy/num_module_steps_trained_lifetime,learners/differentiable_learners/intrinsic_attention_ppo_learner/default_policy/policy_loss,learners/differentiable_learners/intrinsic_attention_ppo_learner/default_policy/mean_kl_loss,learners/differentiable_learners/intrinsic_attention_ppo_learner/default_policy/entropy,learners/differentiable_learners/intrinsic_attention_ppo_learner/default_policy/weights_seq_no,learners/differentiable_learners/intrinsic_attention_ppo_learner/default_policy/vf_loss_unclipped,learners/differentiable_learners/intrinsic_attention_ppo_learner/default_policy/vf_loss,learners/differentiable_learners/intrinsic_attention_ppo_learner/default_policy/total_loss,learners/differentiable_learners/intrinsic_attention_ppo_learner/default_policy/vf_explained_var,learners/differentiable_learners/intrinsic_attention_ppo_learner/default_policy/num_module_steps_trained,learners/differentiable_learners/intrinsic_attention_ppo_learner/default_policy/diff_num_grad_updates_vs_sampler_policy,learners/differentiable_learners/intrinsic_attention_ppo_learner/__all_modules__/num_env_steps_trained_lifetime,learners/differentiable_learners/intrinsic_attention_ppo_learner/__all_modules__/num_module_steps_trained,learners/differentiable_learners/intrinsic_attention_ppo_learner/__all_modules__/num_module_steps_trained_lifetime,learners/differentiable_learners/intrinsic_attention_ppo_learner/__all_modules__/num_env_steps_trained,learners/differentiable_learners/intrinsic_attention_ppo_learner/__all_modules__/num_env_steps_trained_lifetime_throughput,evaluation/env_runners/module_to_env_connector/timers/connectors/remove_single_ts_time_rank_from_batch,evaluation/env_runners/module_to_env_connector/timers/connectors/get_actions,evaluation/env_runners/module_to_env_connector/timers/connectors/normalize_and_clip_actions,evaluation/env_runners/module_to_env_connector/timers/connectors/listify_data_for_vector_env,evaluation/env_runners/module_to_env_connector/timers/connectors/tensor_to_numpy,evaluation/env_runners/module_to_env_connector/timers/connectors/un_batch_to_individual_items,evaluation/env_runners/env_to_module_connector/timers/connectors/add_states_from_episodes_to_batch,evaluation/env_runners/env_to_module_connector/timers/connectors/numpy_to_tensor,evaluation/env_runners/env_to_module_connector/timers/connectors/add_time_dim_to_batch_and_zero_pad,evaluation/env_runners/env_to_module_connector/timers/connectors/add_observations_from_episodes_to_batch,evaluation/env_runners/env_to_module_connector/timers/connectors/batch_individual_items
1,627500.0,False,1,b9446_00000,2025-08-11_18-34-23,1754930063,10.377753019332886,10.377753019332886,11415,Mac,127.0.0.1,10.377753019332886,1,10.236460458952934,1.291697844862938e-05,10.236258332966827,2.6096668749814853,7.377603124943562,0.0018009169725701213,0.0002104717784496847,31375.0,627500.0,5000.0,0.0006673174909249766,0.00011709824617824208,2.5601681306580255e-05,0.0,20,20.0,250.0,0.010310174585445489,0.009212724143639203,20,10.191744832559449,10.5,-9.5,10.191744832559449,-0.7000000000000002,2448.893132964845,5000,5250,"[array([[0.09226552, 0.08947772, 0.0939524 , 0.08911026, 0.09356656,
        0.08606136, 0.09036519, 0.09017944, 0.08999409, 0.09260889,
        0.09241854],
       [0.09124213, 0.09056386, 0.09164505, 0.09047326, 0.09155338,
        0.08971049, 0.09078149, 0.09073608, 0.09069068, 0.0913246 ,
        0.09127891],
       [0.09286045, 0.08882831, 0.09532695, 0.08830097, 0.09476103,
        0.08396319, 0.0901059 , 0.08983804, 0.08957098, 0.0933609 ,
        0.09308337],
       [0.09110337, 0.09070819, 0.09133754, 0.0906553 , 0.0912843 ,
        0.09020922, 0.09083512, 0.09080864, 0.09078217, 0.09115133,
        0.09112476],
       [0.09272594, 0.08897631, 0.09501396, 0.08848505, 0.09448937,
        0.08443609, 0.09016565, 0.0899164 , 0.08966783, 0.09319052,
        0.0929329 ],
       [0.08991554, 0.09191561, 0.08875496, 0.09218724, 0.08901725,
        0.09451754, 0.09126742, 0.09140217, 0.09153713, 0.08967636,
        0.08980877],
       [0.09157351, 0.09021639, 0.09238448, 0.09003591, 0.09219965,
        0.08852335, 0.09065075, 0.09056003, 0.09046939, 0.0917392 ,
        0.09164739],
       [0.09150459, 0.09028899, 0.0922301 , 0.09012717, 0.09206481,
        0.0887698 , 0.09067825, 0.09059697, 0.09051575, 0.09165288,
        0.09157071],
       [0.09143558, 0.0903615 , 0.09207584, 0.09021839, 0.09193002,
        0.08901679, 0.09070563, 0.09063377, 0.09056198, 0.09156649,
        0.09149396],
       [0.09238808, 0.08934505, 0.09423351, 0.08894458, 0.09381114,
        0.08562776, 0.09031284, 0.09011021, 0.08990804, 0.09276348,
        0.09255535],
       [0.09232023, 0.08941857, 0.09407776, 0.08903638, 0.09367565,
        0.08586772, 0.0903419 , 0.09014861, 0.08995575, 0.09267788,
        0.09247961]], dtype=float32), array([[0.09791731, 0.09823413, 0.0939147 , 0.09128352, 0.08726971,
        0.09951171, 0.09217246, 0.09544393, 0.06057585, 0.09840567,
        0.08527102],
       [0.09812847, 0.09845626, 0.09399033, 0.09127314, 0.08713304,
        0.0997784 , 0.09219087, 0.09557068, 0.05977133, 0.09863374,
        0.08507374],
       [0.09510548, 0.09528455, 0.09282185, 0.09129846, 0.08893877,
        0.09600425, 0.09181517, 0.09369904, 0.07190413, 0.09538141,
        0.08774688],
       [0.09309801, 0.09318766, 0.09194743, 0.09117218, 0.08995877,
        0.09354714, 0.09143583, 0.09239101, 0.08068588, 0.09323612,
        0.08933989],
       [0.08975723, 0.08971316, 0.09032857, 0.09071966, 0.09134197,
        0.08953709, 0.09058609, 0.09010703, 0.09655551, 0.08968937,
        0.09166428],
       [0.09896418, 0.09933624, 0.0942806 , 0.0912192 , 0.08657668,
        0.10083855, 0.09225193, 0.09606627, 0.05665094, 0.09953777,
        0.08427765],
       [0.09379141, 0.09391115, 0.09225807, 0.09122845, 0.08962259,
        0.09439163, 0.09157829, 0.09284848, 0.07758784, 0.09397588,
        0.08880625],
       [0.09621241, 0.09644391, 0.09327086, 0.09131969, 0.08831522,
        0.09737553, 0.09198048, 0.09439842, 0.06730827, 0.09656918,
        0.08680598],
       [0.05491469, 0.0542437 , 0.06436814, 0.07171971, 0.085106  ,
        0.05164072, 0.06912272, 0.06053056, 0.34151804, 0.05388473,
        0.09295095],
       [0.09824213, 0.09857586, 0.09403066, 0.091267  , 0.0870588 ,
        0.09992214, 0.09220027, 0.09563866, 0.05934094, 0.09875657,
        0.08496688],
       [0.08795372, 0.08784471, 0.08937426, 0.09035456, 0.09192782,
        0.08741004, 0.09001904, 0.08882181, 0.10575905, 0.08778589,
        0.09274909]], dtype=float32), array([[0.09309184, 0.09498907, 0.0900935 , 0.09459898, 0.09440453,
        0.08683211, 0.08665363, 0.09098709, 0.08629777, 0.08880518,
        0.09324623],
       [0.09415359, 0.09704194, 0.08964848, 0.0964457 , 0.09614895,
        0.08483219, 0.08457118, 0.09098344, 0.08405156, 0.08773539,
        0.09438755],
       [0.09133406, 0.09168936, 0.09076043, 0.09161678, 0.09158051,
        0.0901187 , 0.09008303, 0.09093298, 0.09001171, 0.09050921,
        0.09136319],
       [0.09393841, 0.09662207, 0.08974133, 0.09606853, 0.09579296,
        0.08523848, 0.08499397, 0.09098646, 0.08450704, 0.08795475,
        0.09415599],
       [0.09383054, 0.09641235, 0.08978735, 0.09588004, 0.09561498,
        0.08544194, 0.08520574, 0.09098753, 0.0847353 , 0.08806421,
        0.09403998],
       [0.08930615, 0.08802347, 0.09142746, 0.08828359, 0.08841394,
        0.09387697, 0.09401558, 0.09078271, 0.09429341, 0.0923766 ,
        0.0892001 ],
       [0.08919158, 0.08782057, 0.09146201, 0.08809849, 0.08823778,
        0.09408835, 0.09423711, 0.09077153, 0.09453534, 0.09247909,
        0.08907817],
       [0.09186838, 0.09267986, 0.09056668, 0.09251375, 0.09243082,
        0.08912271, 0.08904282, 0.09095714, 0.08888324, 0.08999986,
        0.09193476],
       [0.08896198, 0.08741529, 0.09153024, 0.08772857, 0.08788563,
        0.09451161, 0.09468082, 0.09074829, 0.09502014, 0.09268349,
        0.08883392],
       [0.09054774, 0.09025077, 0.09103174, 0.09031126, 0.09034152,
        0.09157993, 0.09161062, 0.09088556, 0.09167203, 0.09124548,
        0.09052331],
       [0.09317969, 0.09515715, 0.09005792, 0.09475043, 0.09454773,
        0.0866671 , 0.08648168, 0.09098785, 0.08611204, 0.08871786,
        0.09334055]], dtype=float32), array([[0.09030942, 0.08591769, 0.0834402 , 0.09088071, 0.08379173,
        0.09126357, 0.08682544, 0.08881843, 0.12371638, 0.09060224,
        0.0844341 ],
       [0.09090487, 0.09171638, 0.09219605, 0.09080273, 0.09212698,
        0.0907347 , 0.0915447 , 0.09117506, 0.08594445, 0.09085242,
        0.09200163],
       [0.09061536, 0.09463117, 0.09707054, 0.09011968, 0.09671623,
        0.08979074, 0.09377   , 0.09193708, 0.06891282, 0.09036056,
        0.09607586],
       [0.09012019, 0.08510298, 0.08228933, 0.09077556, 0.0826878 ,
        0.09121511, 0.08613694, 0.08841269, 0.12938675, 0.09045603,
        0.08341662],
       [0.09068192, 0.09423275, 0.09638122, 0.0902424 , 0.09606954,
        0.08995058, 0.09347276, 0.09185255, 0.07115433, 0.09045602,
        0.09550591],
       [0.08997839, 0.08454923, 0.08151656, 0.09068953, 0.0819455 ,
        0.09116675, 0.08566587, 0.08812768, 0.13328716, 0.09034276,
        0.08273053],
       [0.09090219, 0.09058493, 0.09039924, 0.0909424 , 0.09042589,
        0.09096922, 0.09065172, 0.09079612, 0.09293108, 0.09092283,
        0.09047434],
       [0.09067927, 0.08797847, 0.08643091, 0.09102676, 0.08665159,
        0.09125915, 0.08854108, 0.08976828, 0.1097531 , 0.09085749,
        0.0870539 ],
       [0.04489908, 0.02947973, 0.02302946, 0.04735324, 0.02386118,
        0.04906342, 0.03221394, 0.03901415, 0.6394936 , 0.04614262,
        0.02544971],
       [0.09021576, 0.08550183, 0.08285064, 0.09083027, 0.08322645,
        0.09124227, 0.0864747 , 0.08861338, 0.1266005 , 0.0905307 ,
        0.08391352],
       [0.0907822 , 0.09349185, 0.09511974, 0.09044509, 0.09488411,
        0.09022105, 0.09291395, 0.09167821, 0.07539726, 0.09060898,
        0.09445756]], dtype=float32), array([[0.0907315 , 0.09077901, 0.09082656, 0.09087413, 0.08975267,
        0.09050392, 0.09173077, 0.09177881, 0.09182687, 0.08998794,
        0.09120779],
       [0.09069555, 0.09075253, 0.09080953, 0.09086658, 0.08952323,
        0.09042275, 0.09189496, 0.09195269, 0.09201045, 0.08980478,
        0.09126692],
       [0.09065942, 0.09072585, 0.09079234, 0.09085885, 0.08929418,
        0.09034147, 0.09205925, 0.09212671, 0.09219421, 0.0896218 ,
        0.09132589],
       [0.09062313, 0.090699  , 0.09077494, 0.09085093, 0.08906553,
        0.09026008, 0.09222366, 0.09230088, 0.09237815, 0.089439  ,
        0.09138471],
       [0.09143645, 0.09128664, 0.09113707, 0.09098773, 0.09459612,
        0.09215852, 0.08835287, 0.08820809, 0.08806357, 0.09382366,
        0.08994926],
       [0.09090149, 0.09090356, 0.09090561, 0.09090768, 0.09085882,
        0.09089161, 0.0909446 , 0.09094667, 0.09094872, 0.09086912,
        0.09092209],
       [0.08994336, 0.09018728, 0.09043186, 0.0906771 , 0.08503598,
        0.0887825 , 0.09518634, 0.09544448, 0.09570331, 0.08619531,
        0.09241253],
       [0.0899038 , 0.09015702, 0.09041097, 0.09066562, 0.08481489,
        0.08869901, 0.09535256, 0.09562114, 0.09589046, 0.0860161 ,
        0.0924684 ],
       [0.08986408, 0.0901266 , 0.09038989, 0.09065396, 0.08459421,
        0.08861542, 0.09551888, 0.09579792, 0.09607778, 0.0858371 ,
        0.09252412],
       [0.09127332, 0.09117136, 0.09106952, 0.09096778, 0.09341142,
        0.09176398, 0.08916391, 0.0890643 , 0.08896481, 0.09289084,
        0.09025884],
       [0.09036418, 0.09050597, 0.09064798, 0.09079022, 0.08747621,
        0.08968714, 0.09337726, 0.09352379, 0.09367053, 0.08816466,
        0.09179215]], dtype=float32), array([[0.099088  , 0.09177998, 0.09503753, 0.10005295, 0.08831308,
        0.10070146, 0.10102729, 0.08917311, 0.05659587, 0.09194025,
        0.08629049],
       [0.0929298 , 0.09128348, 0.0920293 , 0.09314016, 0.09046708,
        0.09328065, 0.09335098, 0.09067186, 0.08154668, 0.09132063,
        0.08997939],
       [0.09582134, 0.09164025, 0.09352052, 0.09636365, 0.08960823,
        0.09672689, 0.09690902, 0.09011536, 0.06915402, 0.0917334 ,
        0.08840736],
       [0.09981823, 0.09177195, 0.09535119, 0.10088507, 0.08797619,
        0.10160262, 0.10196331, 0.08891647, 0.05399878, 0.09194775,
        0.08576839],
       [0.08955276, 0.09060195, 0.0901228 , 0.08942091, 0.0911339 ,
        0.08933312, 0.08928926, 0.09099973, 0.09751212, 0.09057792,
        0.09145547],
       [0.10029941, 0.09175869, 0.09555264, 0.10143493, 0.08774476,
        0.10219907, 0.1025833 , 0.08873814, 0.05232944, 0.09194484,
        0.08541472],
       [0.10053834, 0.09174976, 0.09565111, 0.10170842, 0.08762707,
        0.10249604, 0.10289212, 0.08864689, 0.05151293, 0.09194107,
        0.08523629],
       [0.09042164, 0.0908038 , 0.09062962, 0.09037341, 0.09099648,
        0.09034127, 0.09032521, 0.09094796, 0.09325291, 0.09079508,
        0.09111262],
       [0.03810352, 0.05422251, 0.04617752, 0.0364405 , 0.06474183,
        0.03537235, 0.03485006, 0.06191619, 0.50235593, 0.05378866,
        0.07203083],
       [0.09307812, 0.09130695, 0.09210904, 0.0933046 , 0.09042954,
        0.09345589, 0.09353162, 0.09064957, 0.08088209, 0.09134691,
        0.08990568],
       [0.08742233, 0.0900317 , 0.0888343 , 0.0870977 , 0.09137242,
        0.08688194, 0.08677426, 0.09103312, 0.10839207, 0.08997142,
        0.09218874]], dtype=float32)]",1,0,0,0,0,0,46.120000000000005,80.12666666666668,0.00021322735232916405,-0.7000000000000002,8.781881510358226e-05,5000.0,5000.0,627500.0,627500.0,-0.7000000000000002,0.207839792012237,5985,0.0015431216992,0.0,5985,0.0,1.0,997.9705930399,0.0002715581955,8266,1.0,833.0378297554176,24861,0,33000,11970,11970,33000,4595.103010733427,32916989.65300478,13611338.238647928,0.3583683371543884,1.0,0.0015431216992,45.65005111694336,0.27792060375213623,-0.00019979476928710938,5985,1.0,0.08079196512699127,0.0,997.9705930399,5985,-0.00020690060046035796,16595,1.3916096577304415e-05,0.6881939172744751,833.0178674950162,20,14.5,0.0005789159331470728,3.7299738125847936e-05,1.5879091501618292e-05,20,10.216013141322508,10.216013141322508,5400,1.0,20.0,0.12679516698699445,2.05,-11.5,20,0.005757124931551516,20,400,0.00013227919822893098,400,400,6.763689011257271e-05,400,2.05,2.05,400,1.733764185675052e-05,8.762249466405406e-05,1.8300642023029793e-05,2.4176367113603277e-05,9.338326976152674e-06,1.5213014015932342e-05,1.8106066317966698e-05,4.24195419678745e-06,3.6123918837815567e-06,2.059110480181932e-05,1.0797857452816413e-05,0.009047292056493461,0.0008797079790383577,0.10178191703744233,0.0878071659244597,0.003591874963603914,0.004443584010004997,8.662499021738768e-05,35910,6.0,0.0,35910,6.0,997.8474438281662,997.8474438281662,1.0,35910,-0.00019974099996034056,1.2999326827412006e-05,0.6881763339042664,6.0,45.8176155090332,0.3585103750228882,0.27803826,-0.00253450870513916,35910,6.0,198000,71820,71820,198000,57952.58034083048,1.290432414403874e-05,4.8417270068392706e-05,9.038844501026742e-06,1.0738487020827813e-05,1.7084580254775524e-05,6.919544731545301e-06,2.8148400239634574e-06,1.2995674871150807e-05,8.752501658930891e-06,3.5600869490364563e-06,1.335976279608495e-05
1,10000.0,False,2,b9446_00000,2025-08-11_18-34-33,1754930073,9.506241083145142,19.883994102478027,11415,Mac,127.0.0.1,19.883994102478027,2,10.227834796443348,1.2859058333560825e-05,10.227631985887419,2.6009434124815742,7.378369635364506,0.0017987590527627616,7.024716566307442e-05,500.0,10000.0,5000.0,0.029293755209435262,3.325346003999347e-05,1.4758190283156878e-05,1.0,20,20.0,250.0,0.008151551677860006,0.005486191961914303,20,10.36823839457432,10.5,-9.5,10.36823839457432,1.699999999999999,3073.6720348021545,5000.0,5250.0,"[array([[0.09268766, 0.09457666, 0.08970234, 0.09418826, 0.08933396,
        0.09096561, 0.09077863, 0.08610006, 0.09040584, 0.08841962,
        0.09284139],
       [0.0935609 , 0.09643106, 0.08908414, 0.09583858, 0.08853679,
        0.09096961, 0.09068973, 0.08378022, 0.09013251, 0.0871831 ,
        0.09379338],
       [0.09125376, 0.09160876, 0.09068064, 0.09153624, 0.09060885,
        0.09092502, 0.09088901, 0.08996819, 0.09081706, 0.09042964,
        0.09128287],
       [0.09338344, 0.09605125, 0.08921116, 0.09550098, 0.08870007,
        0.09097009, 0.09070914, 0.08424947, 0.09018947, 0.08743513,
        0.09359974],
       [0.0910721 , 0.09123934, 0.09080137, 0.0912052 , 0.0907674 ,
        0.09091692, 0.09089991, 0.09046356, 0.0908659 , 0.09068252,
        0.09108582],
       [0.09186876, 0.09287024, 0.09026658, 0.09266508, 0.09006718,
        0.09094752, 0.09084702, 0.08830007, 0.09064633, 0.0895706 ,
        0.09195061],
       [0.0917785 , 0.09268405, 0.09032787, 0.09249862, 0.09014715,
        0.0909447 , 0.09085368, 0.08854403, 0.09067192, 0.08969695,
        0.09185255],
       [0.08943097, 0.08796615, 0.09186001, 0.08826297, 0.09216996,
        0.09081444, 0.09096753, 0.09499424, 0.09127447, 0.09294944,
        0.08930974],
       [0.09159775, 0.09231227, 0.09045006, 0.09216608, 0.09030681,
        0.09093854, 0.0908665 , 0.08903345, 0.0907226 , 0.0899497 ,
        0.09165623],
       [0.09061659, 0.09031938, 0.09110095, 0.09037992, 0.09116202,
        0.09089373, 0.09092419, 0.09171099, 0.09098514, 0.09131486,
        0.09059214],
       [0.09275969, 0.09472825, 0.08965199, 0.09432336, 0.08926881,
        0.09096655, 0.09077193, 0.08590769, 0.09038395, 0.08831798,
        0.09291983]], dtype=float32), array([[0.09178279, 0.09173883, 0.09235276, 0.09057191, 0.09117803,
        0.09156317, 0.0915193 , 0.09213177, 0.08442233, 0.09063529,
        0.09210382],
       [0.09159604, 0.09156171, 0.09204058, 0.09064961, 0.0911237 ,
        0.09142458, 0.09139032, 0.09186828, 0.08579952, 0.09069922,
        0.09184649],
       [0.09402242, 0.09385066, 0.09626992, 0.08937638, 0.0916803 ,
        0.09316678, 0.0929966 , 0.09539384, 0.0683444 , 0.08961528,
        0.09528344],
       [0.0858025 , 0.08600999, 0.08316636, 0.09174303, 0.08870985,
        0.08684497, 0.08705498, 0.0841768 , 0.13076581, 0.09142009,
        0.08430565],
       [0.08902149, 0.08910713, 0.08792232, 0.09142607, 0.09021042,
        0.08945055, 0.08953661, 0.08834608, 0.10528159, 0.09129781,
        0.0883999 ],
       [0.09082859, 0.09083249, 0.09077816, 0.09093688, 0.09088247,
        0.09084812, 0.09085202, 0.09079767, 0.09151231, 0.09093117,
        0.09080014],
       [0.09063154, 0.0906449 , 0.09045909, 0.09100261, 0.09081607,
        0.09069837, 0.09071174, 0.09052579, 0.09299262, 0.09098303,
        0.09053424],
       [0.09319278, 0.09307113, 0.0947789 , 0.08987913, 0.09152832,
        0.0925861 , 0.09246524, 0.09416189, 0.07420184, 0.0900507 ,
        0.09408403],
       [0.02998283, 0.03051945, 0.02384167, 0.04902336, 0.03829685,
        0.0327637 , 0.0333501 , 0.02605296, 0.6620518 , 0.04777003,
        0.0263473 ],
       [0.08616181, 0.08635701, 0.0836793 , 0.09173874, 0.08889416,
        0.08714219, 0.0873396 , 0.08463144, 0.12786679, 0.09143617,
        0.08475281],
       [0.09308444, 0.09296907, 0.09458786, 0.08993935, 0.09150538,
        0.09250905, 0.0923944 , 0.09400317, 0.07497564, 0.09010233,
        0.09392938]], dtype=float32), array([[0.09094341, 0.09099104, 0.08986815, 0.08991522, 0.0899623 ,
        0.09189688, 0.09194501, 0.09199317, 0.09204134, 0.09019813,
        0.09024536],
       [0.09094926, 0.09100639, 0.08966096, 0.0897173 , 0.08977365,
        0.09209417, 0.09215202, 0.09220991, 0.09226784, 0.09005599,
        0.09011257],
       [0.0907209 , 0.09055334, 0.09461199, 0.09443724, 0.09426282,
        0.08744075, 0.08727925, 0.08711804, 0.08695714, 0.0933955 ,
        0.09322301],
       [0.0907343 , 0.09057617, 0.09440175, 0.09423723, 0.094073  ,
        0.08763579, 0.08748306, 0.08733059, 0.08717839, 0.09325612,
        0.09309359],
       [0.09074737, 0.09059868, 0.09419164, 0.0940373 , 0.09388322,
        0.08783093, 0.08768702, 0.08754334, 0.0873999 , 0.0931166 ,
        0.09296402],
       [0.09099644, 0.09123368, 0.0857701 , 0.08599372, 0.08621793,
        0.09584077, 0.09609064, 0.09634118, 0.09659236, 0.08734775,
        0.08757548],
       [0.09099558, 0.09124235, 0.08556606, 0.08579811, 0.08603079,
        0.09603944, 0.09629989, 0.09656105, 0.09682292, 0.08720368,
        0.08744016],
       [0.09099438, 0.09125068, 0.0853622 , 0.08560263, 0.08584374,
        0.09623817, 0.09650924, 0.09678108, 0.09705367, 0.08705953,
        0.08730474],
       [0.09099285, 0.09125867, 0.08515849, 0.08540727, 0.08565678,
        0.09643696, 0.09671868, 0.09700123, 0.09728461, 0.08691528,
        0.0871692 ],
       [0.09080775, 0.09070631, 0.09314292, 0.09303887, 0.09293494,
        0.0888083 , 0.08870909, 0.08861   , 0.08851101, 0.09241702,
        0.09231378],
       [0.09081884, 0.09072685, 0.09293356, 0.09283944, 0.09274542,
        0.08900409, 0.08891395, 0.08882391, 0.08873395, 0.09227671,
        0.09218326]], dtype=float32), array([[0.0986276 , 0.09135355, 0.09459595, 0.09194568, 0.08790275,
        0.10023357, 0.10055789, 0.08875877, 0.06101519, 0.0991195 ,
        0.08588956],
       [0.09278771, 0.0911439 , 0.09188858, 0.09128138, 0.09032875,
        0.09313802, 0.09320825, 0.09053322, 0.08295295, 0.09289546,
        0.08984181],
       [0.09550814, 0.09134071, 0.09321484, 0.09168501, 0.08931533,
        0.09641072, 0.09659225, 0.08982081, 0.07220852, 0.09578525,
        0.08811838],
       [0.09329969, 0.09119397, 0.09214661, 0.0913697 , 0.09015365,
        0.0937498 , 0.09384008, 0.09041435, 0.08086064, 0.0934381 ,
        0.08953343],
       [0.08965832, 0.09070874, 0.09022903, 0.09061969, 0.09124132,
        0.08943843, 0.08939451, 0.09110699, 0.09644914, 0.08959053,
        0.09156328],
       [0.09979678, 0.09129885, 0.09507378, 0.09198663, 0.08730503,
        0.10168692, 0.10206922, 0.08829344, 0.05712746, 0.10037519,
        0.08498667],
       [0.10002814, 0.09128415, 0.09516571, 0.09199104, 0.08718239,
        0.1019759 , 0.10236998, 0.08819702, 0.05637784, 0.10062408,
        0.08480374],
       [0.09045864, 0.09084097, 0.09066672, 0.09080866, 0.09103373,
        0.09037824, 0.09036218, 0.09098517, 0.09288193, 0.09043387,
        0.0911499 ],
       [0.05369865, 0.07187738, 0.06294281, 0.0701316 , 0.08322153,
        0.05049718, 0.04988016, 0.08020803, 0.33395827, 0.05269152,
        0.09089278],
       [0.09898992, 0.09134009, 0.09474638, 0.0919617 , 0.08772147,
        0.10068272, 0.10102474, 0.08861847, 0.05979255, 0.09950827,
        0.08561362],
       [0.08770975, 0.0903277 , 0.08912636, 0.09010395, 0.09167284,
        0.08716758, 0.08705956, 0.09133242, 0.10546574, 0.0875424 ,
        0.09249183]], dtype=float32), array([[0.09105274, 0.08992908, 0.08997618, 0.09119587, 0.09124363,
        0.09200735, 0.09087192, 0.09091951, 0.09096713, 0.09148281,
        0.09035385],
       [0.09034104, 0.09462424, 0.09443961, 0.08981323, 0.08963799,
        0.08689368, 0.09101344, 0.09083585, 0.09065861, 0.08876687,
        0.09297544],
       [0.09037269, 0.09442325, 0.09424885, 0.08987286, 0.08970686,
        0.08710513, 0.09100924, 0.09084114, 0.09067336, 0.08888147,
        0.09286518],
       [0.09113692, 0.0893459 , 0.0894207 , 0.09136602, 0.09144251,
        0.09266894, 0.09084781, 0.09092387, 0.091     , 0.09182594,
        0.09002138],
       [0.0911647 , 0.08915205, 0.08923601, 0.09142251, 0.0915086 ,
        0.09289022, 0.09083948, 0.09092502, 0.09101065, 0.0919403 ,
        0.08991053],
       [0.09158695, 0.08610222, 0.0863267 , 0.09230518, 0.09254584,
        0.09646273, 0.090686  , 0.09092244, 0.09115949, 0.09375858,
        0.0881438 ],
       [0.09094429, 0.09067058, 0.0906821 , 0.09097897, 0.09099054,
        0.09117483, 0.09090042, 0.09091197, 0.09092353, 0.09104837,
        0.09077435],
       [0.09097306, 0.0904749 , 0.09049585, 0.09103627, 0.09105735,
        0.09139359, 0.09089313, 0.09091417, 0.09093522, 0.09116282,
        0.09066362],
       [0.09100168, 0.09027948, 0.09030982, 0.09109344, 0.09112405,
        0.09161272, 0.09088568, 0.09091622, 0.09094677, 0.09127724,
        0.09055287],
       [0.09130134, 0.08818682, 0.08831596, 0.09170306, 0.09183737,
        0.09400212, 0.09079546, 0.09092844, 0.0910616 , 0.09251183,
        0.08935601],
       [0.09062071, 0.09282483, 0.09273083, 0.09034566, 0.09025416,
        0.08880993, 0.09097001, 0.09087788, 0.09078584, 0.08979806,
        0.09198216]], dtype=float32), array([[0.09132689, 0.09138621, 0.09202904, 0.09150495, 0.0906817 ,
        0.093106  , 0.09168334, 0.0908585 , 0.08426581, 0.09289709,
        0.09026043],
       [0.09138894, 0.09145784, 0.09220509, 0.09159581, 0.09063989,
        0.09345884, 0.09180314, 0.09084506, 0.08323867, 0.09321544,
        0.09015127],
       [0.09197173, 0.0921449 , 0.09403554, 0.09249224, 0.09010169,
        0.09725955, 0.09301569, 0.09061162, 0.07284427, 0.09662857,
        0.08889421],
       [0.09150884, 0.09159696, 0.09255382, 0.09177346, 0.09055204,
        0.09416408, 0.09203885, 0.0908139 , 0.08121797, 0.093851  ,
        0.08992907],
       [0.09055529, 0.09051082, 0.09003216, 0.09042197, 0.09104224,
        0.08924328, 0.09028884, 0.0909082 , 0.0962387 , 0.08939505,
        0.0913635 ],
       [0.09261291, 0.0929611 , 0.09680476, 0.09366141, 0.08889457,
        0.1035383 , 0.09472178, 0.08990096, 0.05816756, 0.10220268,
        0.08653399],
       [0.09167835, 0.09179538, 0.09306859, 0.09202992, 0.09040995,
        0.0952209 , 0.09238283, 0.09075665, 0.07826943, 0.09480149,
        0.08958644],
       [0.0907848 , 0.09076867, 0.09059455, 0.09073638, 0.09096128,
        0.09030632, 0.09068799, 0.09091276, 0.092808  , 0.0903619 ,
        0.09107736],
       [0.07018511, 0.06932753, 0.06070991, 0.06764368, 0.08026924,
        0.04870579, 0.06519427, 0.07736266, 0.3221111 , 0.05082228,
        0.08766834],
       [0.09251872, 0.09283301, 0.09629498, 0.09346478, 0.08915524,
        0.10232835, 0.09442052, 0.09006691, 0.06076984, 0.1011347 ,
        0.08701295],
       [0.08995045, 0.08983897, 0.08864413, 0.08961643, 0.09117683,
        0.08669596, 0.08928365, 0.09083825, 0.10489511, 0.08706874,
        0.09199139]], dtype=float32)]",1,0,0,0,0,0,42.23571428571429,79.64285714285714,0.00012371788174274687,1.699999999999999,6.219499791813369e-05,5000.0,5000.0,10000.0,10000.0,1.699999999999999,0.2070952153415419,5985,0.0015431216992,0.0,11970,0.0,1.0,997.9429069707118,0.0002715581955,8266,2.0,831.694591983791,24861,0,66000,11970,23940,33000,4587.674109694923,32432469.41795566,13578278.114913791,0.3584396243095398,2.0,0.0015431216992,44.059261322021484,0.2781131863594055,-0.0007137060165405273,5985,1.0,0.040395982563495636,0.0,997.9429069707118,11970,-6.834096711827442e-05,16595,1.6942003639996983e-05,0.6886246204376221,831.6749165961535,20,14.5,0.0005765167740173638,3.2761620317122504e-05,1.4387617244260764e-05,20,10.366003441359926,10.366003441359926,10400,2.0,20.0,0.12671886073658242,1.55,-11.5,20,0.005596146866446361,40,400,0.00011634423383908282,800,800,6.024695510478306e-05,400,1.55,1.55,400,1.234026965175096e-05,4.182619500563871e-05,1.100803591893414e-05,1.6123374085328972e-05,6.7779525444799364e-06,8.375542233413979e-06,1.293485924353084e-05,3.027501912561713e-06,2.789190527356952e-06,1.336254541153389e-05,7.492942068495472e-06,0.009042734545655549,0.0008790813200175762,0.1011760962079279,0.08767812759615481,0.0035923953843303024,0.00443981233984232,8.635415113531053e-05,71820,12.0,0.0,35910,11.0,997.7412016936058,997.7412016936058,1.0,71820,-6.671348819509149e-05,1.6856385627761483e-05,0.6886232495307922,12.0,44.15892791748047,0.3584766387939453,0.27814493,-0.0022993087768554688,35910,11.0,396000,71820,143640,198000,57666.5236702264,1.1857210768622738e-05,3.75820014720102e-05,7.948041321128618e-06,1.0582487911781528e-05,1.542454782633395e-05,6.545439144548326e-06,2.761864442454272e-06,1.1958775238012983e-05,7.321815030244906e-06,2.880689410873583e-06,1.2596946916234404e-05
1,-607500.0,False,3,b9446_00000,2025-08-11_18-34-42,1754930082,9.445973873138428,29.329967975616455,11415,Mac,127.0.0.1,29.329967975616455,3,10.218814191398874,1.281337757827714e-05,10.218611229778244,2.591287186277669,7.376883010679879,0.0017900131216621957,4.743840028009371e-05,-30375.0,-607500.0,5000.0,0.03149086639870456,3.3423671442847924e-05,1.4792902712322341e-05,2.0,20,20.0,250.0,0.006421604866485123,0.005608492636587471,20,10.36823839457432,10.5,-9.5,10.36823839457432,-1.1800000000000002,3146.345711294698,5000.0,5250.0,"[array([[0.09183074, 0.09370227, 0.09350967, 0.09331746, 0.09312566,
        0.0856558 , 0.08993936, 0.08975449, 0.08957001, 0.0921725 ,
        0.08742209],
       [0.09226573, 0.09509616, 0.09480357, 0.09451187, 0.09422109,
        0.08313123, 0.0894343 , 0.08915913, 0.0888848 , 0.09278047,
        0.08571168],
       [0.09222209, 0.09495391, 0.09467164, 0.09439021, 0.09410962,
        0.083386  , 0.08948648, 0.08922046, 0.08895523, 0.09271911,
        0.08588534],
       [0.09217829, 0.09481167, 0.0945397 , 0.0942685 , 0.09399809,
        0.08364137, 0.0895385 , 0.08928165, 0.08902553, 0.0926576 ,
        0.08605917],
       [0.09213432, 0.09466945, 0.09440775, 0.09414676, 0.0938865 ,
        0.08389735, 0.08959037, 0.0893427 , 0.08909571, 0.09259594,
        0.08623318],
       [0.09020937, 0.08891371, 0.08904499, 0.08917647, 0.08930814,
        0.09482642, 0.09156567, 0.09170087, 0.09183626, 0.0899694 ,
        0.09344865],
       [0.09136552, 0.09226699, 0.09217465, 0.0920824 , 0.09199025,
        0.0883223 , 0.09044486, 0.09035434, 0.09026391, 0.09153084,
        0.08920397],
       [0.09131862, 0.09212524, 0.09204265, 0.09196015, 0.0918777 ,
        0.08858939, 0.09049396, 0.09041283, 0.09033179, 0.09146661,
        0.08938108],
       [0.09127155, 0.09198352, 0.09191065, 0.09183785, 0.0917651 ,
        0.0888571 , 0.0905429 , 0.09047118, 0.09039951, 0.09140223,
        0.08955837],
       [0.09191201, 0.09395874, 0.09374793, 0.0935376 , 0.09332774,
        0.08518652, 0.08984746, 0.08964588, 0.08944475, 0.09228548,
        0.08710589],
       [0.09070405, 0.09031403, 0.09035372, 0.09039344, 0.09043317,
        0.0920627 , 0.09110813, 0.09114818, 0.09118824, 0.09063211,
        0.09166222]], dtype=float32), array([[0.09131142, 0.08687096, 0.08436599, 0.08723693, 0.08923937,
        0.08760444, 0.09247033, 0.08980389, 0.11875615, 0.08696964,
        0.08537091],
       [0.09075595, 0.09156612, 0.092045  , 0.09149753, 0.09112808,
        0.09142897, 0.09055211, 0.0910257 , 0.08660208, 0.09154759,
        0.0918509 ],
       [0.08996195, 0.09394881, 0.09637059, 0.09360589, 0.09177618,
        0.09326421, 0.08898044, 0.09127414, 0.07157864, 0.09385609,
        0.09538309],
       [0.09084409, 0.09120217, 0.09141299, 0.09117191, 0.09100878,
        0.09114168, 0.09075372, 0.09096351, 0.08897957, 0.091194  ,
        0.09132762],
       [0.09119415, 0.08913787, 0.08795265, 0.08930948, 0.09024154,
        0.0894814 , 0.09172184, 0.09050225, 0.10284423, 0.08918418,
        0.08843039],
       [0.0909252 , 0.09083255, 0.09077821, 0.09084036, 0.09088253,
        0.09084817, 0.09094866, 0.09089425, 0.09141519, 0.09083466,
        0.0908002 ],
       [0.09126384, 0.08554497, 0.08235677, 0.08601308, 0.08858467,
        0.08648375, 0.09277026, 0.08931278, 0.12836629, 0.08567112,
        0.08363244],
       [0.09125133, 0.08853349, 0.08697617, 0.08875953, 0.08998973,
        0.08898614, 0.09195203, 0.09033459, 0.10701947, 0.08859447,
        0.08760308],
       [0.06883909, 0.04805149, 0.03891086, 0.04953053, 0.05833758,
        0.05105511, 0.07539345, 0.06105169, 0.45800424, 0.04844646,
        0.04237945],
       [0.09078043, 0.0914684 , 0.09187461, 0.09141018, 0.09109655,
        0.091352  , 0.0906072 , 0.09100959, 0.0872384 , 0.09145267,
        0.09171001],
       [0.09031963, 0.09301548, 0.09463506, 0.09278506, 0.09155104,
        0.09255522, 0.08965009, 0.09121107, 0.07734791, 0.0929532 ,
        0.09397626]], dtype=float32), array([[0.09310231, 0.09028922, 0.09480449, 0.09460962, 0.09441516,
