num_training_step_calls_per_iteration,num_env_steps_sampled_lifetime,done,training_iteration,trial_id,date,timestamp,time_this_iter_s,time_total_s,pid,hostname,node_ip,time_since_restore,iterations_since_restore,timers/training_iteration,timers/restore_env_runners,timers/training_step,timers/env_runner_sampling_timer,timers/learner_update_timer,timers/synch_weights,env_runners/episode_return_min,env_runners/env_to_module_sum_episodes_length_out,env_runners/episode_len_min,env_runners/rlmodule_inference_timer,env_runners/num_episodes_lifetime,env_runners/num_env_steps_sampled,env_runners/episode_duration_sec_mean,env_runners/episode_return_max,env_runners/weights_seq_no,env_runners/episode_return_mean,env_runners/episode_len_max,env_runners/env_to_module_sum_episodes_length_in,env_runners/num_env_steps_sampled_lifetime,env_runners/num_episodes,env_runners/episode_len_mean,env_runners/env_reset_timer,env_runners/env_step_timer,env_runners/sample,env_runners/num_env_steps_sampled_lifetime_throughput,evaluation/num_healthy_workers,evaluation/actor_manager_num_outstanding_async_reqs,evaluation/num_remote_worker_restarts,fault_tolerance/num_healthy_workers,fault_tolerance/num_remote_worker_restarts,env_runner_group/actor_manager_num_outstanding_async_reqs,perf/cpu_util_percent,perf/ram_util_percent,env_runners/num_agent_steps_sampled/default_agent,env_runners/env_to_module_connector/connector_pipeline_timer,env_runners/num_module_steps_sampled_lifetime/default_policy,env_runners/module_episode_return_mean/default_policy,env_runners/module_to_env_connector/connector_pipeline_timer,env_runners/agent_episode_return_mean/default_agent,env_runners/num_agent_steps_sampled_lifetime/default_agent,env_runners/num_module_steps_sampled/default_policy,learners/__all_modules__/num_trainable_parameters,learners/__all_modules__/num_env_steps_trained_lifetime,learners/__all_modules__/learner_connector_sum_episodes_length_out,learners/__all_modules__/num_non_trainable_parameters,learners/__all_modules__/num_module_steps_trained,learners/__all_modules__/num_env_steps_trained,learners/__all_modules__/learner_connector_sum_episodes_length_in,learners/__all_modules__/num_module_steps_trained_lifetime,learners/__all_modules__/num_env_steps_trained_lifetime_throughput,learners/__all_modules__/num_module_steps_trained_throughput,learners/__all_modules__/num_module_steps_trained_lifetime_throughput,learners/default_policy/total_loss,learners/default_policy/diff_num_grad_updates_vs_sampler_policy,learners/default_policy/num_trainable_parameters,learners/default_policy/weights_seq_no,learners/default_policy/curr_entropy_coeff,learners/default_policy/vf_explained_var,learners/default_policy/vf_loss_unclipped,learners/default_policy/num_module_steps_trained,learners/default_policy/gradients_default_optimizer_global_norm,learners/default_policy/mean_kl_loss,learners/default_policy/curr_kl_coeff,learners/default_policy/policy_loss,learners/default_policy/num_module_steps_trained_lifetime,learners/default_policy/module_train_batch_size_mean,learners/default_policy/default_optimizer_learning_rate,learners/default_policy/entropy,learners/default_policy/vf_loss,learners/default_policy/num_module_steps_trained_lifetime_throughput,evaluation/env_runners/weights_seq_no,evaluation/env_runners/episode_return_mean,evaluation/env_runners/episode_len_mean,evaluation/env_runners/env_reset_timer,evaluation/env_runners/sample,evaluation/env_runners/env_to_module_sum_episodes_length_out,evaluation/env_runners/rlmodule_inference_timer,evaluation/env_runners/episode_duration_sec_mean,evaluation/env_runners/num_env_steps_sampled,evaluation/env_runners/num_env_steps_sampled_lifetime,evaluation/env_runners/episode_return_min,evaluation/env_runners/num_episodes_lifetime,evaluation/env_runners/episode_len_max,evaluation/env_runners/env_to_module_sum_episodes_length_in,evaluation/env_runners/num_episodes,evaluation/env_runners/env_step_timer,evaluation/env_runners/episode_len_min,evaluation/env_runners/episode_return_max,learners/__all_modules__/learner_connector/connector_pipeline_timer,evaluation/env_runners/module_to_env_connector/connector_pipeline_timer,evaluation/env_runners/env_to_module_connector/connector_pipeline_timer,evaluation/env_runners/num_agent_steps_sampled_lifetime/default_agent,evaluation/env_runners/num_module_steps_sampled/default_policy,evaluation/env_runners/num_module_steps_sampled_lifetime/default_policy,evaluation/env_runners/agent_episode_return_mean/default_agent,evaluation/env_runners/module_episode_return_mean/default_policy,evaluation/env_runners/num_agent_steps_sampled/default_agent,env_runners/env_to_module_connector/timers/connectors/add_observations_from_episodes_to_batch,env_runners/env_to_module_connector/timers/connectors/numpy_to_tensor,env_runners/env_to_module_connector/timers/connectors/batch_individual_items,env_runners/env_to_module_connector/timers/connectors/add_time_dim_to_batch_and_zero_pad,env_runners/env_to_module_connector/timers/connectors/add_states_from_episodes_to_batch,env_runners/module_to_env_connector/timers/connectors/remove_single_ts_time_rank_from_batch,env_runners/module_to_env_connector/timers/connectors/normalize_and_clip_actions,env_runners/module_to_env_connector/timers/connectors/listify_data_for_vector_env,env_runners/module_to_env_connector/timers/connectors/get_actions,env_runners/module_to_env_connector/timers/connectors/un_batch_to_individual_items,env_runners/module_to_env_connector/timers/connectors/tensor_to_numpy,learners/__all_modules__/learner_connector/timers/connectors/add_one_ts_to_episodes_and_truncate,learners/__all_modules__/learner_connector/timers/connectors/batch_individual_items,learners/__all_modules__/learner_connector/timers/connectors/add_time_dim_to_batch_and_zero_pad,learners/__all_modules__/learner_connector/timers/connectors/add_states_from_episodes_to_batch,learners/__all_modules__/learner_connector/timers/connectors/add_observations_from_episodes_to_batch,learners/__all_modules__/learner_connector/timers/connectors/general_advantage_estimation,learners/__all_modules__/learner_connector/timers/connectors/numpy_to_tensor,learners/__all_modules__/learner_connector/timers/connectors/add_columns_from_episodes_to_train_batch,evaluation/env_runners/module_to_env_connector/timers/connectors/tensor_to_numpy,evaluation/env_runners/module_to_env_connector/timers/connectors/un_batch_to_individual_items,evaluation/env_runners/module_to_env_connector/timers/connectors/get_actions,evaluation/env_runners/module_to_env_connector/timers/connectors/normalize_and_clip_actions,evaluation/env_runners/module_to_env_connector/timers/connectors/remove_single_ts_time_rank_from_batch,evaluation/env_runners/module_to_env_connector/timers/connectors/listify_data_for_vector_env,evaluation/env_runners/env_to_module_connector/timers/connectors/numpy_to_tensor,evaluation/env_runners/env_to_module_connector/timers/connectors/add_observations_from_episodes_to_batch,evaluation/env_runners/env_to_module_connector/timers/connectors/add_time_dim_to_batch_and_zero_pad,evaluation/env_runners/env_to_module_connector/timers/connectors/batch_individual_items,evaluation/env_runners/env_to_module_connector/timers/connectors/add_states_from_episodes_to_batch
1,2000,False,1,5b30e_00000,2025-08-17_16-22-41,1755447761,3.2311487197875977,3.2311487197875977,500308,intrinsic-attention2,10.156.0.3,3.2311487197875977,1,2.1445420309901237,1.8207007087767124e-05,2.1443058290024055,2.031423234991962,0.11105672600388061,0.0011242320033488795,-16.5,10.368238387501162,20,0.00013435304147459685,100,2000,0.018684643410815625,14.5,0.0,-0.13,20,10.368238387501162,2000,100,20.0,0.00032574600481893867,6.778469427648653e-05,2.0200638879905455,986.3689254358117,1,0,0,0,0,0,68.97999999999999,48.78,2000,0.00016629458793567878,2000,-0.13,0.0005087834670004197,-0.13,2000,2000,8386,18900,2100,0,4653,18900,2000,4653,618867.7783095114,153301.97317692745,152965.02815802317,0.022770459,1.0,8386,1.0,0.0296215165883,-0.00071144104,80.43938,4653,0.108047016,3.6540325e-05,0.052826523780822754,-0.021936202,4653,517.0,4.93694869e-05,0.6788126,0.105305985,153791.13837732465,1.0,-1.68,20.0,0.0021623110078508034,1.064009743000497,10.36796758793872,0.00011692108623676522,0.0196615217012004,1000,3000,-12.5,50,20,10.36796758793872,50,6.0801368748703734e-05,20,14.5,0.07670224399771541,0.0004554970402227721,0.0001495680664294649,1000,1000,1000,-1.68,-1.68,1000,1.0285316776270173e-05,4.125874369949218e-05,2.5813741415628248e-05,8.728354293687695e-06,5.7732502886786686e-06,2.633721773815047e-06,3.779080366811319e-05,4.919309880740241e-05,0.00022300991691071042,2.3459180019983915e-05,6.813393019941639e-05,0.010705160006182268,0.01847267099947203,2.4276989279314876e-05,8.045011782087386e-06,0.0011848220019601285,0.005169492011191323,0.0001519539946457371,0.040635833007399924,5.857314154862387e-05,1.9985713328172683e-05,0.00020091196045515425,3.45555833595804e-05,2.150867245776471e-06,4.627855040778113e-05,3.874398891445313e-05,9.326837012454098e-06,7.640532579665591e-06,2.348444772771173e-05,4.764689331022636e-06
1,4000,False,2,5b30e_00000,2025-08-17_16-22-44,1755447764,3.2574594020843506,6.488608121871948,500308,intrinsic-attention2,10.156.0.3,6.488608121871948,2,2.144787803360232,1.8215496966149657e-05,2.1445455603623125,2.031408762202045,0.11130552402377361,0.0011275580633082428,-15.5,10.368238394574323,20,0.00011751155105500398,200,2000,0.018696679270942696,13.5,1.0,0.78,20,10.368238394574323,4000,100,20.0,0.00032574600481893867,6.348243177584254e-05,2.0200765557706473,985.4362622219777,1,0,0,0,0,0,86.38,48.9,2000,0.0001527683738655368,4000,0.78,0.0004652327086774031,0.78,4000,2000,8386,37800,2100.0,0,4653,18900,2000.0,9306,615046.9105936383,152344.53293552433,152013.26912536714,0.082540415,1.0,8386,2.0,0.0296215165883,-0.0018571615,79.074814,4653,0.17148617,5.4993772e-05,0.026413261890411377,0.037776817,9306,517.0,4.93694869e-05,0.6768586,0.105306,152821.75234186603,2.0,-2.08,20.0,0.00214508158780518,1.0639991550304695,10.368238387501162,0.0001365983004654998,0.019700188610149782,1000,5000,-14.5,100,20,10.368238387501162,50,6.799109540934547e-05,20,14.5,0.07683465244772378,0.0005184712265634784,0.0001690259109026615,2000,1000,2000,-2.08,-2.08,1000,9.790119189918715e-06,3.894948079997142e-05,2.4481172378203557e-05,7.528271591482358e-06,5.265522708408532e-06,2.339523458346906e-06,3.5700305687684144e-05,4.407175991697596e-05,0.0002053540910982521,2.078746582212496e-05,6.153708172683223e-05,0.010690388156072003,0.01860163404940977,2.4376329383812846e-05,8.07368167443201e-06,0.001182419792021392,0.005177410230971872,0.00015221505469526164,0.040649114377301884,6.787114902494546e-05,2.3001617695119184e-05,0.0002271283836262251,3.912516094796075e-05,2.5724087283795746e-06,5.162665943134881e-05,4.274868372377875e-05,1.0773281157140257e-05,8.701651442480936e-06,2.579631286688594e-05,5.513034335300793e-06
1,6000,False,3,5b30e_00000,2025-08-17_16-22-48,1755447768,3.5070419311523438,9.995650053024292,500308,intrinsic-attention2,10.156.0.3,9.995650053024292,3,2.147122726656719,1.8212141960975714e-05,2.1468790116887817,2.0334080442999474,0.1116345150335488,0.0011307777027686826,-16.5,10.368238394574323,20,0.00013191038231509224,300,2000,0.020637853840162278,14.5,2.0,-0.51,20,10.368238394574323,6000,100,20.0,0.00032574600481893867,6.698728888421396e-05,2.022101902202962,983.5671219734899,1,0,0,0,0,0,86.38000000000001,48.96,2000,0.00016510270169524372,6000,-0.51,0.000506628056837212,-0.51,6000,2000,8386,56700,2100.0,0,4653,18900,2000.0,13959,608241.6671590823,150643.71949142418,150320.96959126001,0.09014358,1.0,8386,3.0,0.0296215165883,-0.00042438507,84.221146,4653,0.20289002,5.085287e-05,0.013206630945205688,0.04535777,13959,517.0,4.93694869e-05,0.6760555,0.105306,151103.01797676182,3.0,-0.48,20.0,0.0021259385818455487,1.0644222140601431,10.368238394574137,0.0001354051220432179,0.020136461629299447,1000,7000,-14.5,150,20,10.368238394574137,50,6.836010377984616e-05,20,14.5,0.07700128831312758,0.0005165241046248052,0.00017090984976305605,3000,1000,3000,-0.48,-0.48,1000,1.0118391849569121e-05,4.15403386516177e-05,2.5319221230210047e-05,8.78549666181192e-06,5.737493256567926e-06,2.7573215927504392e-06,3.7815445789810675e-05,4.944757341659143e-05,0.0002217402098277675,2.2933663749828028e-05,6.814451789849285e-05,0.010683285164531844,0.018745747328894505,2.439686597790569e-05,8.082124814973213e-06,0.0011804456440746435,0.005179968648601788,0.0001523890841184766,0.04067873084353196,6.775686213529929e-05,2.3096672449233826e-05,0.00022633236103503999,3.869521346913249e-05,2.526883781866356e-06,5.144049760859597e-05,4.245360822756575e-05,1.0369794970145632e-05,9.015175706657292e-06,2.5725785720675716e-05,5.794318799528764e-06
1,8000,False,4,5b30e_00000,2025-08-17_16-22-51,1755447771,3.0504677295684814,13.046117782592773,500308,intrinsic-attention2,10.156.0.3,13.046117782592773,4,2.1475570174700267,1.822124056550092e-05,2.1473111749819704,2.0336112908668995,0.11185676165324947,0.0011360283857882313,-15.5,10.368238394574323,20,0.00012110144094582933,400,2000,0.018910530790453777,14.5,3.0,0.09,20,10.368238394574323,8000,100,20.0,0.00032574600481893867,6.528552737795941e-05,2.02233537108092,980.9072072756503,1,0,0,0,0,0,86.45,49.0,2000,0.00015589539200498825,8000,0.09,0.0004746257894655937,0.09,8000,2000,8386,75600,2100.0,0,4653,18900,2000.0,18612,600911.2850223128,148807.4880070148,148495.18331024668,0.008602003,1.0,8386,4.0,0.0296215165883,-0.0011998415,83.60738,4653,0.10376321,5.7258854e-05,0.006603315472602844,-0.036237806,18612,517.0,4.93694869e-05,0.6742125,0.105305985,149247.44009338968,4.0,2.32,20.0,0.0021066732960480588,1.06217042774957,10.368238394574323,8.567451899474053e-05,0.018039252869930352,1000,9000,-12.5,200,20,10.368238394574323,50,4.965048122982819e-05,20,14.5,0.07713024913009198,0.0003496047287727527,0.0001161531353999394,4000,1000,4000,2.32,2.32,1000,9.919240823934482e-06,4.020968700294982e-05,2.523566128874504e-05,7.923057579915855e-06,5.0846957636447545e-06,2.4642433513644455e-06,3.66839027082619e-05,4.4804339138176296e-05,0.00021208455294256486,2.1188670337755476e-05,6.212383423636751e-05,0.010671715612913526,0.01886888493554188,2.447107727290131e-05,8.111673586507095e-06,0.0011785587676617286,0.005185718462022369,0.0001527345232853404,0.04069197489521437,4.442251894850728e-05,1.5225949748968518e-05,0.00015808626453815705,2.809060851704547e-05,1.648723577450046e-06,3.291954882409653e-05,3.073510978429397e-05,7.752608240138736e-06,5.868433821760089e-06,1.8639967538576634e-05,3.6826433874023445e-06
1,10000,False,5,5b30e_00000,2025-08-17_16-22-54,1755447774,3.3214869499206543,16.367604732513428,500308,intrinsic-attention2,10.156.0.3,16.367604732513428,5,2.147708843895269,1.8178838159228035e-05,2.1474608658722,2.0335443084482816,0.11206797843672141,0.0011405622919311849,-14.5,10.368238394574323,20,0.00011751820609373246,500,2000,0.018688043680158445,15.5,4.0,0.2,20,10.368238394574323,10000,100,20.0,0.00032574600481893867,6.283707573886602e-05,2.022300370820032,977.6970635452966,1,0,0,0,0,0,86.42,49.0,2000,0.00015393503232375883,10000,0.2,0.00046180944121498245,0.2,10000,2000,8386,94500,2100.0,0,4653,18900,2000.0,23265,592850.8018894907,146789.29130645844,146488.2572868318,0.071142145,1.0,8386,5.0,0.0296215165883,-0.002491951,82.3095,4653,0.11346626,2.013198e-05,0.003301657736301422,0.026266186,23265,517.0,4.93694869e-05,0.6729712,0.105305985,147207.70711100934,5.0,1.32,20.0,0.0020877447231402876,1.0629231681520428,10.368238394574323,0.00013237850740481467,0.018348302319645883,1000,11000,-12.5,250,20,10.368238394574323,50,6.862777606147575e-05,20,14.5,0.0772227611589168,0.0005133489325424418,0.0001700415270907634,5000,1000,5000,1.32,1.32,1000,9.805598047177293e-06,3.913564312785246e-05,2.4270000029965196e-05,7.760102989086613e-06,5.061777452719141e-06,2.311151724225129e-06,3.558373396571486e-05,4.329435973398056e-05,0.00020547143695746512,2.072919395136704e-05,6.068963422043228e-05,0.01065779529681998,0.01896835302626436,2.4503086447750684e-05,8.112296850228741e-06,0.0011772410300644057,0.005193120887390803,0.00015300204794758013,0.04069285612629092,6.748982279706513e-05,2.252565816734304e-05,0.0002276482715884393,3.772027981241656e-05,2.494835946238486e-06,4.96582360904501e-05,4.363962067494649e-05,1.060325075363974e-05,9.007145667109628e-06,2.6205757786362076e-05,5.550282686015948e-06
1,12000,False,6,5b30e_00000,2025-08-17_16-22-57,1755447777,3.190100908279419,19.557705640792847,500308,intrinsic-attention2,10.156.0.3,19.557705640792847,6,2.1484780017862035,1.8132509772998664e-05,2.1482287772334137,2.033973770543766,0.11240267021235921,0.0011427468989489813,-13.5,10.368238394574323,20,0.00013763317092228345,600,2000,0.01917258934074198,13.5,5.0,-0.81,20,10.368238394574323,12000,100,20.0,0.00032574600481893867,6.875669865737291e-05,2.0227570453419124,973.8259639425688,1,0,0,0,0,0,86.42,49.0,2000,0.00017023884881413207,12000,-0.81,0.0005184191137085081,-0.81,12000,2000,8386,113400,2100.0,0,4653,18900,2000.0,27918,583801.0311002723,144526.7355222819,144237.23377817913,0.074861996,1.0,8386,6.0,0.0296215165883,6.4730644e-05,77.94233,4653,0.054889143,3.0198655e-05,0.001650828868150711,0.030041477,27918,517.0,4.93694869e-05,0.67484176,0.105306,144922.79949763123,6.0,-1.68,20.0,0.002069419545925052,1.0617512719905051,10.368238394574323,0.00012717560402742437,0.019359801979444455,1000,13000,-12.5,300,20,10.368238394574323,50,6.488220181218324e-05,20,14.5,0.07739174251736212,0.00048689386252710867,0.00016040340522776035,6000,1000,6000,-1.68,-1.68,1000,1.0515587858283279e-05,4.20739662531497e-05,2.5997956923405284e-05,9.30699084246385e-06,6.023360491131422e-06,2.682308653565727e-06,3.892918424992867e-05,5.1929774417803054e-05,0.0002256916910819328,2.3557554820364176e-05,6.989418672655169e-05,0.010656057973935125,0.019117834205877777,2.4532085609321598e-05,8.130083977129424e-06,0.0011756371696886178,0.005204063688553361,0.00015330249745965045,0.040704254875063246,6.340155053141814e-05,2.1593401222929038e-05,0.00021515876382562467,3.639096401249994e-05,2.3274453401923003e-06,4.767630554343626e-05,4.0409605206182314e-05,9.829246485870538e-06,8.333010437944684e-06,2.4743636256419225e-05,5.424754599977185e-06
1,14000,False,7,5b30e_00000,2025-08-17_16-23-01,1755447781,3.649528980255127,23.207234621047974,500308,intrinsic-attention2,10.156.0.3,23.207234621047974,7,2.1525003974382595,1.8080224802190287e-05,2.152249641821113,2.034711868208271,0.1156765297102578,0.0011482082199376026,-16.5,10.368238394574323,20,0.00013466208063856795,700,2000,0.019467720620159525,16.5,6.0,-0.47,20,10.368238394574323,14000,100,20.0,0.00032574600481893867,6.745881073715245e-05,2.023521956798564,969.4411073816218,1,0,0,0,0,0,86.72,49.0,2000,0.00016799510211901333,14000,-0.47,0.0005076450745949931,-0.47,14000,2000,8386,132300,2100.0,0,4653,18900,2000.0,32571,574279.4911417924,142147.58437906686,141869.80866573335,0.052185234,1.0,8386,7.0,0.0296215165883,0.0004812479,80.89588,4653,0.12093402,2.9376384e-05,0.0008254144340753555,0.007288107,32571,517.0,4.93694869e-05,0.67225367,0.105305985,142521.03470629136,7.0,-1.28,20.0,0.002050720530384396,1.0619144733606696,10.368238394574323,0.00012339437306278358,0.018769006190268556,1000,15000,-12.5,350,20,10.368238394574323,50,6.621067694792231e-05,20,14.5,0.0804986959021417,0.00048112746813919855,0.00015798326491576104,7000,1000,7000,-1.28,-1.28,1000,1.0644343324704365e-05,4.268449978415152e-05,2.7088972069656474e-05,8.666848510711319e-06,5.4766000225972324e-06,2.79729629632296e-06,3.792268629910743e-05,4.8943392319128656e-05,0.00022449902412149746,2.2274778588373932e-05,6.787758697689324e-05,0.010651487684181908,0.022206018563796354,2.4539474768275726e-05,8.133803138637321e-06,0.0011743457779967855,0.0052134419617130045,0.00015418297238170133,0.040718295776222546,6.30090362017206e-05,2.1122846276966902e-05,0.00021383987265868854,3.6271641069164976e-05,2.259244462922688e-06,4.744562252733554e-05,4.1434704338207776e-05,1.0052026128586631e-05,9.364014719036174e-06,2.4171771695610367e-05,5.4837741179722896e-06
1,16000,False,8,5b30e_00000,2025-08-17_16-23-04,1755447784,2.943910837173462,26.151145458221436,500308,intrinsic-attention2,10.156.0.3,26.151145458221436,8,2.151538708713769,1.804473259543022e-05,2.1512866167929086,2.033563781716124,0.11585948609313375,0.0011498939078229188,-14.5,10.368238394574323,20,0.00013794775562847702,800,2000,0.01770866360020591,14.5,7.0,-0.44,20,10.368238394574323,16000,100,20.0,0.00032574600481893867,6.884182947298059e-05,2.022395503400535,964.494803980092,1,0,0,0,0,0,86.47500000000001,49.0,2000,0.0001701519127554141,16000,-0.44,0.0005204952148417927,-0.44,16000,2000,8386,151200,2100.0,0,4653,18900,2000.0,37224,566006.9508085232,140076.66384863466,139810.38128692374,0.058535416,1.0,8386,8.0,0.0296215165883,-0.0027108192,83.85467,4653,0.1921257,0.00025423482,0.00041270721703767776,0.013491015,37224,517.0,4.93694869e-05,0.6672871,0.105305985,140427.02274805377,8.0,0.12,20.0,0.0020321680851628507,1.0599832668669538,10.368238394574323,0.00010891312346134894,0.018063572469836798,1000,17000,-14.5,400,20,10.368238394574323,50,6.0472762729520594e-05,20,14.5,0.08059957554305307,0.00045653397250365856,0.00014650486256160845,8000,1000,8000,0.12,0.12,1000,1.0559806460269121e-05,4.356926710673099e-05,2.66882757639384e-05,9.013157926023248e-06,5.589668998344381e-06,2.630540113409971e-06,3.9370210430249496e-05,5.0145805873393626e-05,0.0002295670952405555,2.2975638744137046e-05,6.968333099707833e-05,0.010645741277341728,0.022302516938115118,2.4586300086196e-05,8.131845077225927e-06,0.0011724159202619808,0.0052168862120946695,0.00015441961254451507,0.04072684340849018,5.4893717488916524e-05,1.8619570405365637e-05,0.00022092258670934888,3.253179959296353e-05,1.9867924852262276e-06,4.111433813376778e-05,4.284920671489867e-05,9.893454824909228e-06,7.515060225328999e-06,2.2150793461385496e-05,4.4010683943421086e-06
1,18000,False,9,5b30e_00000,2025-08-17_16-23-07,1755447787,3.433722496032715,29.58486795425415,500308,intrinsic-attention2,10.156.0.3,29.58486795425415,9,2.1527294721566244,1.7989295388994183e-05,2.152476471275102,2.034502647339035,0.11610739805226039,0.0011513284687102734,-15.5,10.368238394574323,20,0.00013616583967928904,900,2000,0.01968291771947406,15.5,8.0,0.08,20,10.368238394574323,18000,100,20.0,0.00032574600481893867,6.844922167954926e-05,2.0233583271665676,959.1911431775567,1,0,0,0,0,0,86.52000000000001,49.0,2000,0.00017080879701640998,18000,0.08,0.0005146712779887423,0.08,18000,2000,8386,170100,2100.0,0,4653,18900,2000.0,41877,557549.347921143,137961.51934944396,137706.34337467627,-0.07659759,1.0,8386,9.0,0.0296215165883,-0.0018281937,87.90889,4653,0.14806026,0.00036141597,0.00020635360851883888,-0.12186446,41877,517.0,4.93694869e-05,0.65977556,0.10530599,138289.9505953092,9.0,-0.28,20.0,0.002013761774250747,1.0607823360382866,10.368238394574323,0.00013527880370035696,0.018667468659259612,1000,19000,-14.5,450,20,10.368238394574323,50,6.732933519536244e-05,20,14.5,0.08070263850761239,0.0005141693352252965,0.0001685642584622027,9000,1000,9000,-0.28,-0.28,1000,1.043462674511329e-05,4.302017130422949e-05,2.627602098037433e-05,9.059063328646491e-06,5.835242369648846e-06,2.6352693067096974e-06,3.84825406346482e-05,5.045747170004696e-05,0.00022668932599703926,2.328416957009868e-05,6.869249899390002e-05,0.010640445184621818,0.022401160148644957,2.459037714331766e-05,8.140016685052708e-06,0.0011709987810432448,0.005223812220058387,0.00015468397646497162,0.040730786694461875,6.752141972527753e-05,2.3227962477513084e-05,0.00022588307113768447,3.861534111416179e-05,2.503747394949284e-06,4.914513907089549e-05,4.268201658500729e-05,1.0381761220570638e-05,8.740335257476887e-06,2.6126168547638865e-05,5.641497721876631e-06
1,20000,False,10,5b30e_00000,2025-08-17_16-23-11,1755447791,3.3316586017608643,32.916526556015015,500308,intrinsic-attention2,10.156.0.3,32.916526556015015,10,2.1549124276249643,1.7953902516764467e-05,2.154657818532301,2.0363534502056977,0.11643619326171031,0.0011522772840081572,-14.5,10.368238394574323,20,0.00013596169789865345,1000,2000,0.02050209053006256,14.5,9.0,-1.68,20,10.368238394574323,20000,100,20.0,0.00032574600481893867,6.737684143295517e-05,2.0252346193947837,953.4129020416341,1,0,0,0,0,0,86.23999999999998,49.0,2000,0.00016733994673248211,20000,-1.68,0.000513107130319221,-1.68,20000,2000,8386,189000,2100.0,0,4653,18900,2000.0,46530,548491.623548306,135699.77684886876,135455.45227472964,0.08643866,1.0,8386,10.0,0.0296215165883,-0.003931403,82.96061,4653,0.10541581,8.498209e-05,0.00010317680425941944,0.041061718,46530,517.0,4.93694869e-05,0.65605426,0.105305985,136004.88572867351,10.0,-0.48,20.0,0.001997287216559861,1.0595832619478367,10.368238394574323,0.00013442203802201998,0.01933940268936567,1000,21000,-14.5,500,20,10.368238394574323,50,6.766615060943771e-05,20,14.5,0.08081698287253836,0.0005111606420029702,0.00016883872352789627,10000,1000,10000,-0.48,-0.48,1000,1.030210846402777e-05,4.222803153956579e-05,2.605438290016104e-05,8.913448280137677e-06,5.646738609440075e-06,2.5976977577624973e-06,3.932287080422849e-05,5.036431247537648e-05,0.00022339828773090175,2.3267574158962066e-05,6.861621583397283e-05,0.010635436072800793,0.022499615457160328,2.458715333384152e-05,8.138426497272158e-06,0.0011696689931976689,0.005237459677828002,0.00015486803666710943,0.04073937876749785,6.669855302044404e-05,2.2791903083122273e-05,0.0002249260604589158,3.8280347985735895e-05,2.629809280091254e-06,5.002658567728832e-05,4.253889252490493e-05,1.0479716637239755e-05,8.808877115303044e-06,2.5787099165901696e-05,5.862289394415144e-06
1,22000,False,11,5b30e_00000,2025-08-17_16-23-14,1755447794,3.3465750217437744,36.26310157775879,500308,intrinsic-attention2,10.156.0.3,36.26310157775879,11,2.1556851347286736,1.787299346263165e-05,2.1554300139369187,2.037428792433594,0.11613414532906226,0.0011520544612969624,-13.5,10.368238394574323,20,8.411518138687899e-05,1100,2000,0.01983267942094244,15.5,10.0,0.94,20,10.368238394574323,22000,100,20.0,0.00032574600481893867,4.900426687458762e-05,2.026368552980817,947.3393431710796,1,0,0,0,0,0,86.74,49.0,2000,0.00011165442103394043,22000,0.94,0.0003381343291350727,0.94,22000,2000,8386,207900,2100.0,0,4653,18900,2000.0,51183,542958.7114586615,134307.4644810102,134073.65887002388,0.022986379,1.0,8386,11.0,0.0296215165883,-0.0047113895,80.85774,4653,0.16963078,7.781054e-05,5.158840212970972e-05,-0.022574369,51183,517.0,4.93694869e-05,0.6498491,0.105306,134589.96578538785,11.0,0.32,20.0,0.001979263674283875,1.0599486927083717,10.368238394574323,0.00013345531400998253,0.018927648439857878,1000,23000,-14.5,550,20,10.368238394574323,50,6.680132348402945e-05,20,14.5,0.08052679323386516,0.0005049356713459257,0.00016655574004929106,11000,1000,11000,0.32,0.32,1000,7.554658091709376e-06,2.9475293053486315e-05,1.8540502516078044e-05,5.497844298675425e-06,3.705582551760604e-06,1.62963915895445e-06,2.7699074230745103e-05,3.193807975481591e-05,0.00015137450015504988,1.493887554948614e-05,4.4767169400123486e-05,0.01058470232214646,0.02245882130268004,2.457687177832258e-05,8.11496220184884e-06,0.0011644171033578325,0.005223013051165282,0.00015479753635687618,0.040561769589951134,6.616701584128494e-05,2.2818511891153425e-05,0.00022172450953251177,3.760303058818581e-05,2.8241497478270327e-06,4.934600145706712e-05,4.201516822424573e-05,1.0378187187789792e-05,8.741622662225438e-06,2.5527478466741428e-05,5.788529949508387e-06
1,24000,False,12,5b30e_00000,2025-08-17_16-23-17,1755447797,3.2769646644592285,39.54006624221802,500308,intrinsic-attention2,10.156.0.3,39.54006624221802,12,2.1560945991314195,1.7835243501371818e-05,2.1558385598875773,2.038080598569329,0.11588823362579248,0.001153688046676465,-13.5,10.368238394574323,20,9.200363501147674e-05,1200,2000,0.01943871091949404,15.5,11.0,-0.74,20,10.368238394574323,24000,100,20.0,0.00032574600481893867,5.264014639953134e-05,2.02706851202101,940.9925959464475,1,0,0,0,0,0,86.225,49.0,2000,0.00011702451634674788,24000,-0.74,0.00036614457541897,-0.74,24000,2000,8386,226800,2100.0,0,4653,18900,2000.0,55836,539482.680611302,133422.97794784288,133199.06641214032,-0.007916384,1.0,8386,12.0,0.0296215165883,-0.0023036003,78.81627,4653,0.101346776,8.729612e-05,2.579420106485486e-05,-0.05354189,55836,517.0,4.93694869e-05,0.64766324,0.105306,133683.39645463103,12.0,0.52,20.0,0.001962441427591941,1.0598760457413634,10.368238394574323,0.00011523779123824744,0.01995198973978404,1000,25000,-14.5,600,20,10.368238394574323,50,6.36657311575332e-05,20,14.5,0.08028037811158992,0.000468111252433925,0.0001540859393766136,12000,1000,12000,0.52,0.52,1000,7.945188673904797e-06,3.2201627437886544e-05,1.894673631419716e-05,5.719944915851742e-06,3.577095989882437e-06,1.7238115305603426e-06,2.900357572751501e-05,3.387419242168577e-05,0.0001681492241310822,1.60646684801543e-05,4.7447337490328715e-05,0.010538794648810095,0.022425242719724004,2.4542533075581778e-05,8.095972540919843e-06,0.0011588124522640588,0.005213998240691773,0.00015476484101210083,0.04041048741390933,6.058388288416145e-05,2.08738912016579e-05,0.00020700615801647794,3.581581249731535e-05,2.2385078405903107e-06,4.366718915615544e-05,3.889132147926592e-05,1.052207763670421e-05,7.590200912802738e-06,2.392650312509135e-05,5.088707338541069e-06
1,26000,False,13,5b30e_00000,2025-08-17_16-23-21,1755447801,3.4563000202178955,42.99636626243591,500308,intrinsic-attention2,10.156.0.3,42.99636626243591,13,2.1582413156400517,1.7778281105925004e-05,2.157983869618743,2.0399213743336904,0.11618666863953027,0.0011583670562736045,-15.5,10.368238394574323,20,0.00013555256685063841,1300,2000,0.020539765320572768,15.5,12.0,1.37,20,10.368238394574323,26000,100,20.0,0.00032574600481893867,6.695445261524996e-05,2.028935436820828,934.3750797650571,1,0,0,0,0,0,86.16,49.0,2000,0.00016785757213285874,26000,1.37,0.0005127006610460209,1.37,26000,2000,8386,245700,2100.0,0,4653,18900,2000.0,60489,534317.3178334587,132123.59270952904,131909.21080754173,0.059947655,1.0,8386,13.0,0.0296215165883,-0.0018430948,84.53534,4653,0.14597088,2.957905e-05,1.289710053242743e-05,0.014386648,60489,517.0,4.93694869e-05,0.64984053,0.105305985,132364.1577913028,13.0,-0.48,20.0,0.0019447424032678154,1.0598860034239423,10.368238394574323,8.45122928818925e-05,0.01962614670032053,1000,27000,-12.5,650,20,10.368238394574323,50,4.8101371284328836e-05,20,14.5,0.08043134274043726,0.0003408787512373425,0.00011616382523674186,13000,1000,13000,-0.48,-0.48,1000,1.0260765370627824e-05,4.22731946231804e-05,2.714005946896027e-05,8.652029340283324e-06,5.496793319770348e-06,2.5881759191174763e-06,3.785492880416412e-05,4.918442546296224e-05,0.00022618629024965305,2.2925835405916998e-05,6.895111968261874e-05,0.010538459702328586,0.022552780762539693,2.4558767769815356e-05,8.102512754183053e-06,0.0011571830777567758,0.005224432488244719,0.00015510316257957287,0.040425187519769784,4.3300776058050093e-05,1.5295654657645627e-05,0.0001486349207451352,2.7488251469778908e-05,1.6669397516440669e-06,3.289723561928156e-05,2.9179150107969735e-05,7.686777947987563e-06,5.7344949990886505e-06,1.852267088536457e-05,3.7924539761245753e-06
1,28000,False,14,5b30e_00000,2025-08-17_16-23-24,1755447804,3.054076671600342,46.050442934036255,500308,intrinsic-attention2,10.156.0.3,46.050442934036255,14,2.157966330883683,1.7731478192087307e-05,2.1577080353125226,2.039364011630463,0.11646595886313976,0.0011596278756855366,-14.5,10.368238394574323,20,0.00013855926002426854,1400,2000,0.01833431381950504,16.5,13.0,1.37,20,10.368238394574323,28000,100,20.0,0.00032574600481893867,6.78734866598262e-05,2.0283941391826428,927.6102035773441,1,0,0,0,0,0,86.6,49.0,2000,0.000173179985511234,28000,1.37,0.0005212139717812674,1.37,28000,2000,8386,264600,2100.0,0,4653,18900,2000.0,65142,528171.7840761854,130584.85163274898,130379.36261375801,-0.0033495373,1.0,8386,14.0,0.0296215165883,-0.00312078,84.87502,4653,0.13342248,0.000108609776,6.448550266213715e-06,-0.0488733,65142,517.0,4.93694869e-05,0.6510976,0.105306,130807.32021896969,14.0,0.52,20.0,0.0019277501692047607,1.0582760841996435,10.368238394574323,0.00012690085944411505,0.01819054875042639,1000,29000,-12.5,700,20,10.368238394574323,50,6.487336216863113e-05,20,14.5,0.08056215672308104,0.0004913439375897744,0.00016294178786981043,14000,1000,14000,0.52,0.52,1000,1.1203239496173638e-05,4.190316649099484e-05,2.958008933385966e-05,8.894198000587505e-06,5.731668073122376e-06,2.6193947248375824e-06,3.968002665209707e-05,5.113730316847558e-05,0.00022828228447377497,2.3249196676965086e-05,6.946964017338415e-05,0.01053475879531424,0.022656737194833406,2.4552640006272508e-05,8.118097500804045e-06,0.0011557823170047434,0.005231700543319868,0.00015538478096774363,0.04044924536443613,6.376786587685085e-05,2.1836895526870967e-05,0.00021742598184270253,3.686560625481522e-05,2.3995666607884785e-06,4.7356803964349506e-05,4.17202678290783e-05,1.005363038149142e-05,9.061563536018694e-06,2.5149735314277118e-05,5.352242346041886e-06
1,30000,False,15,5b30e_00000,2025-08-17_16-23-27,1755447807,3.188629627227783,49.23907256126404,500308,intrinsic-attention2,10.156.0.3,49.23907256126404,15,2.1584637801049427,1.7697003409337405e-05,2.15820412801945,2.03965931007421,0.11666390694452496,0.0011606800270577288,-16.5,10.368238394574323,20,0.00011683295036537645,1500,2000,0.019074429449392482,13.5,14.0,1.15,20,10.368238394574323,30000,100,20.0,0.00032574600481893867,6.261459402802543e-05,2.02871683634076,920.7657491766875,1,0,0,0,0,0,86.1,49.0,2000,0.00015215565809648715,30000,1.15,0.0004627923798242307,1.15,30000,2000,8386,283500,2100.0,0,4653,18900,2000.0,69795,522205.22373176477,129091.41951299518,128894.36387592998,0.06338774,1.0,8386,15.0,0.0296215165883,-0.0031107664,85.53655,4653,0.08673,9.304027e-05,3.2242751331068575e-06,0.017962363,69795,517.0,4.93694869e-05,0.6544187,0.105305985,129296.65798866855,15.0,1.52,20.0,0.001910406477493696,1.0572905325176305,10.368238394574323,0.00013233631265901726,0.017254457309900318,1000,31000,-12.5,750,20,10.368238394574323,50,6.780154787102288e-05,20,14.5,0.08065503812578995,0.0005039690585457397,0.00016632378835034742,15000,1000,15000,1.52,1.52,1000,9.673366025311626e-06,3.863928798844122e-05,2.4172604970169045e-05,7.590850330457553e-06,5.0128471714993935e-06,2.263428720871787e-06,3.5496142207220785e-05,4.432791099293405e-05,0.00020536183202413081,2.0490380390314007e-05,6.182986665492875e-05,0.010522467067413215,0.022749037572768867,2.4544563609833745e-05,8.124716524960422e-06,0.0011538297737546202,0.005235370617863727,0.00015562802323886571,0.04046051285087048,6.526930649641529e-05,2.2218648962589314e-05,0.0002238660128120194,3.736485221829805e-05,2.402902118621035e-06,4.809328966677991e-05,4.2928221382449786e-05,1.0187977363210262e-05,8.347917305978248e-06,2.572018031047986e-05,5.856805269646458e-06
1,32000,False,16,5b30e_00000,2025-08-17_16-23-30,1755447810,3.1035008430480957,52.342573404312134,500308,intrinsic-attention2,10.156.0.3,52.342573404312134,16,2.1589969788440215,1.766516326379534e-05,2.15873610911923,2.0399776881733906,0.11687533058507106,0.0011621031668060473,-13.5,10.368238394574323,20,0.0001144226595611477,1600,2000,0.019120482880389318,13.5,15.0,1.13,20,10.368238394574323,32000,100,20.0,0.00032574600481893867,6.211899865454144e-05,2.0290724601173404,913.8409733773215,1,0,0,0,0,0,86.76,49.0,2000,0.0001464768292333153,32000,1.13,0.00044667704620804827,1.13,32000,2000,8386,302400,2100.0,0,4653,18900,2000.0,74448,516235.30250264367,127598.23929579943,127409.26003952688,0.065105915,1.0,8386,16.0,0.0296215165883,-0.003429532,79.69024,4653,0.05595474,3.390505e-05,1.6121375665534288e-06,0.019724611,74448,517.0,4.93694869e-05,0.6559069,0.105306,127787.14634752875,16.0,1.12,20.0,0.0018932635327156085,1.0554317776325184,10.368238394574323,0.00012344407585221105,0.01700181853957474,1000,33000,-14.5,800,20,10.368238394574323,50,6.37515269408406e-05,20,14.5,0.08075227298446627,0.0004799387459677951,0.00015774528847774458,16000,1000,16000,1.12,1.12,1000,9.352203525337538e-06,3.804702919576099e-05,2.3430695067301476e-05,7.3868388128159705e-06,4.74680123777299e-06,2.1791741689246937e-06,3.46959643527156e-05,4.225148830996213e-05,0.0001994027675633339,2.0404300832532293e-05,5.903653179433109e-05,0.010510731166664981,0.02284273770704454,2.4572868020934835e-05,8.124629319956531e-06,0.0011519778860658177,0.005240433971555294,0.0001558424631251338,0.04047261338238899,6.184876951719456e-05,2.1347300962840167e-05,0.0002134240918306117,3.5863585797251044e-05,2.3639288907904083e-06,4.5973400052850894e-05,4.049819898353433e-05,9.77343748745144e-06,8.070418294082256e-06,2.4220691575223654e-05,5.239993926451402e-06
1,34000,True,17,5b30e_00000,2025-08-17_16-23-34,1755447814,3.279454469680786,55.62202787399292,500308,intrinsic-attention2,10.156.0.3,55.62202787399292,17,2.159621201705571,1.7616081578083473e-05,2.1593592942679862,2.0404205927815418,0.11705113613922104,0.001165183955174849,-14.5,10.368238394574323,20,0.00011872839245254036,1700,2000,0.01921503640973242,14.5,16.0,1.95,20,10.368238394574323,34000,100,20.0,0.00032574600481893867,6.346057821046129e-05,2.029539359606205,906.8982281244123,1,0,0,0,0,0,84.5,48.150000000000006,2000,0.00015442816361275753,34000,1.95,0.0004642292606723617,1.95,34000,2000,8386,321300,2100.0,0,4653,18900,2000.0,79101,510700.2371397336,126213.5634517902,126032.07221389914,-0.0483389,1.0,8386,17.0,0.0296215165883,-0.0034145117,81.17137,4653,0.20939316,4.1032574e-05,8.060687832767144e-07,-0.09362347,79101,517.0,4.93694869e-05,0.6591727,0.105306,126387.06268743699,17.0,0.52,20.0,0.0018767612473843001,1.0552679217762262,10.368238394574323,0.00011580466094743938,0.017716675899428082,1000,35000,-14.5,850,20,10.368238394574323,50,6.286516062379691e-05,20,14.5,0.08083270467465335,0.0004613700301922554,0.00015385810654980383,17000,1000,17000,0.52,0.52,1000,9.736996752586684e-06,3.893544789950692e-05,2.480845707419515e-05,7.657003701096761e-06,5.250065705731945e-06,2.350205513027735e-06,3.6209872768886274e-05,4.401389069404321e-05,0.0002045399682413673,2.1133945874689658e-05,6.098288567400094e-05,0.010500990935064685,0.022932818269929548,2.4579719261650686e-05,8.131363033112758e-06,0.0011499733372543057,0.0052430443918403714,0.00015607664862205982,0.040472228268458865,5.9335666531704064e-05,2.0460056281135775e-05,0.000203670832528691,3.548511748363869e-05,2.2120231850461196e-06,4.388260652666932e-05,3.950986891989616e-05,9.749088926717052e-06,7.5309990079734e-06,2.399601070917771e-05,5.104798483159617e-06
